1305031910.797230 0.024272
1305031910.835208 0.019387
1305031910.865025 0.022196
1305031910.897222 0.028374
1305031910.935211 0.025603
1305031910.965249 0.023607
1305031910.997325 0.030027
1305031911.035050 0.032125
1305031911.065269 0.039205
1305031911.097196 0.048025
1305031911.135664 0.038966
1305031911.165177 0.031845
1305031911.197213 0.030006
1305031911.235651 0.027548
1305031911.265104 0.032668
1305031911.297334 0.024985
1305031911.333191 0.025352
1305031911.365235 0.024886
1305031911.397333 0.017553
1305031911.433256 0.019097
1305031911.465250 0.017960
1305031911.497291 0.023494
1305031911.533251 0.029384
1305031911.565335 0.020942
1305031911.597302 0.030104
1305031911.633337 0.040796
1305031911.665124 0.025647
1305031911.697167 0.027472
1305031911.733203 0.026617
1305031911.765284 0.025249
1305031911.797297 0.020878
1305031911.833338 0.020765
1305031911.865269 0.023819
1305031911.897159 0.026182
1305031911.933063 0.028895
1305031911.965140 0.034745
1305031911.997252 0.039266
1305031912.033135 0.037196
1305031912.065365 0.029651
1305031912.096953 0.023297
1305031912.133282 0.024525
1305031912.165138 0.029477
1305031912.197357 0.030095
1305031912.233265 0.026079
1305031912.265090 0.021344
1305031912.297250 0.022542
1305031912.333274 0.030735
1305031912.365250 0.013744
1305031912.397198 0.018848
1305031912.433290 0.023212
1305031912.465142 0.023575
1305031912.497123 0.024961
1305031912.533113 0.015555
1305031912.565146 0.016092
1305031912.597090 0.017203
1305031912.633132 0.011680
1305031912.665220 0.014960
1305031912.697182 0.021493
1305031912.733125 0.026028
1305031912.765193 0.021317
1305031912.797155 0.008908
1305031912.833077 0.007651
1305031912.865153 0.008531
1305031912.897198 0.010436
1305031912.933115 0.014331
1305031912.965034 0.011080
1305031912.997049 0.016031
1305031913.033133 0.011872
1305031913.065209 0.012810
1305031913.097038 0.022909
1305031913.133146 0.028734
1305031913.165211 0.040014
1305031913.197113 0.038343
1305031913.233126 0.040787
1305031913.265022 0.047612
1305031913.297160 0.047098
1305031913.333122 0.047544
1305031913.365070 0.037671
1305031913.397099 0.037705
1305031913.433081 0.045037
1305031913.465231 0.056958
1305031913.497227 0.069591
1305031913.533297 0.071346
1305031913.565261 0.052547
1305031913.597139 0.058527
1305031913.633293 0.056681
1305031913.665421 0.059304
1305031913.697243 0.061992
1305031913.733097 0.057133
1305031913.765028 0.057979
1305031913.797106 0.055435
1305031913.833143 0.050825
1305031913.865063 0.048039
1305031913.897116 0.051282
1305031913.933123 0.045195
1305031913.965134 0.035068
1305031913.997116 0.039964
1305031914.033441 0.043489
1305031914.065072 0.039514
1305031914.097126 0.034977
1305031914.133245 0.034550
1305031914.165013 0.033741
1305031914.197110 0.030398
1305031914.233108 0.034670
1305031914.265074 0.040494
1305031914.297165 0.035708
1305031914.333148 0.027352
1305031914.365058 0.021398
1305031914.397215 0.025072
1305031914.433060 0.025987
1305031914.465054 0.023082
1305031914.497127 0.028549
1305031914.533107 0.023284
1305031914.565001 0.021444
1305031914.597122 0.025897
1305031914.633055 0.027659
1305031914.665019 0.027824
1305031914.697129 0.024438
1305031914.733078 0.022463
1305031914.764901 0.021059
1305031914.797119 0.017283
1305031914.833133 0.019406
1305031914.865128 0.017130
1305031914.897188 0.021509
1305031914.933099 0.017060
1305031914.964978 0.032971
1305031914.997078 0.024959
1305031915.033152 0.015381
1305031915.065009 0.024016
1305031915.097024 0.019102
1305031915.133208 0.023404
1305031915.165021 0.027790
1305031915.197108 0.030669
1305031915.233111 0.035289
1305031915.264979 0.021616
1305031915.297152 0.022480
1305031915.333207 0.031907
1305031915.365050 0.034938
1305031915.397167 0.033083
1305031915.432960 0.037422
1305031915.464920 0.043005
1305031915.497121 0.044474
1305031915.533058 0.043973
1305031915.564985 0.042220
1305031915.601161 0.039371
1305031915.633062 0.027078
1305031915.665003 0.019365
1305031915.701106 0.018449
1305031915.733046 0.014345
1305031915.765010 0.031446
1305031915.801243 0.041171
1305031915.833049 0.043014
1305031915.865069 0.045426
1305031915.901234 0.039131
1305031915.933056 0.039101
1305031915.965061 0.032389
1305031916.001234 0.030470
1305031916.033043 0.030009
1305031916.065060 0.042122
1305031916.101115 0.045813
1305031916.133093 0.052294
1305031916.165155 0.056362
1305031916.201031 0.052748
1305031916.233050 0.053012
1305031916.265060 0.047307
1305031916.301076 0.042028
1305031916.333426 0.039785
1305031916.365121 0.050463
1305031916.401006 0.040741
1305031916.433168 0.033457
1305031916.465124 0.030960
1305031916.501025 0.028813
1305031916.533266 0.036869
1305031916.565142 0.040655
1305031916.601238 0.034883
1305031916.633156 0.035151
1305031916.665139 0.034758
1305031916.701048 0.029442
1305031916.733056 0.027347
1305031916.765076 0.030781
1305031916.801088 0.034107
1305031916.833266 0.030151
1305031916.865085 0.029380
1305031916.901017 0.041030
1305031916.933088 0.043242
1305031916.965054 0.027200
1305031917.001132 0.045173
1305031917.033155 0.046233
1305031917.065136 0.043098
1305031917.101130 0.041032
1305031917.133106 0.062638
1305031917.165045 0.040242
1305031917.201175 0.123445
1305031917.233102 0.037818
1305031917.265163 0.034050
1305031917.301107 0.028809
1305031917.333229 0.034434
1305031917.365138 0.035907
1305031917.401065 0.021649
1305031917.433141 0.021409
1305031917.465076 0.048197
1305031917.501158 0.044621
1305031917.533057 0.037949
1305031917.565195 0.035528
1305031917.601069 0.045090
1305031917.633090 0.039475
1305031917.665060 0.030019
1305031917.701096 0.037991
1305031917.733003 0.034628
1305031917.765114 0.038362
1305031917.801048 0.046028
1305031917.833090 0.044798
1305031917.865107 0.050551
1305031917.901060 0.043952
1305031917.932948 0.046228
1305031917.965346 0.048369
1305031918.001098 0.035706
1305031918.033144 0.038961
1305031918.065137 0.046519
1305031918.101060 0.029848
1305031918.133054 0.036684
1305031918.165017 0.034253
1305031918.201086 0.025300
1305031918.233042 0.030762
1305031918.265256 0.032878
1305031918.301124 0.034593
1305031918.333165 0.040501
1305031918.365072 0.035556
1305031918.401030 0.032827
1305031918.433043 0.040217
1305031918.465089 0.036830
1305031918.501125 0.032883
1305031918.533134 0.026539
1305031918.565018 0.027675
1305031918.601029 0.028128
1305031918.633027 0.021895
1305031918.665112 0.024635
1305031918.701017 0.023494
1305031918.765151 0.055390
1305031918.801097 0.037856
1305031918.833123 0.031252
1305031918.865115 0.031491
1305031918.901084 0.036077
1305031918.933071 0.036005
1305031918.965058 0.041076
1305031919.001053 0.038880
1305031919.033082 0.037029
1305031919.065147 0.036001
1305031919.101028 0.039445
1305031919.133133 0.035373
1305031919.165110 0.030547
1305031919.201124 0.031773
1305031919.233093 0.038553
1305031919.265125 0.047833
1305031919.301119 0.043857
1305031919.333120 0.041825
1305031919.364948 0.040131
1305031919.401124 0.034551
1305031919.433256 0.036433
1305031919.465070 0.037308
1305031919.501049 0.032662
1305031919.533110 0.025322
1305031919.565165 0.020888
1305031919.601094 0.019456
1305031919.633127 0.022847
1305031919.665042 0.034524
1305031919.701092 0.028510
1305031919.733117 0.024907
1305031919.765060 0.022052
1305031919.801129 0.024864
1305031919.833072 0.030914
1305031919.865180 0.041612
1305031919.901067 0.041027
1305031919.933102 0.027613
1305031919.965129 0.031713
1305031920.001054 0.023736
1305031920.033118 0.025819
1305031920.065136 0.038376
1305031920.101055 0.032714
1305031920.132987 0.027962
1305031920.165140 0.025229
1305031920.201166 0.023766
1305031920.233083 0.024728
1305031920.265120 0.027221
1305031920.301096 0.032032
1305031920.333124 0.040523
1305031920.365130 0.038085
1305031920.401115 0.041732
1305031920.433123 0.042137
1305031920.465148 0.033086
1305031920.501107 0.032418
1305031920.533105 0.029059
1305031920.565153 0.019228
1305031920.633105 0.048816
1305031920.665129 0.034636
1305031920.701147 0.047626
1305031920.733091 0.047029
1305031920.765152 0.045670
1305031920.801031 0.045604
1305031920.833132 0.034026
1305031920.865163 0.033033
1305031920.901037 0.035035
1305031920.933077 0.038150
1305031920.965217 0.035425
1305031921.001108 0.035510
1305031921.033111 0.031974
1305031921.065147 0.027789
1305031921.101105 0.028094
1305031921.133159 0.026496
1305031921.165116 0.030132
1305031921.201159 0.031285
1305031921.233189 0.027786
1305031921.265164 0.024682
1305031921.301188 0.017512
1305031921.333158 0.018017
1305031921.365112 0.017134
1305031921.401108 0.018100
1305031921.433143 0.021820
1305031921.465014 0.024484
1305031921.501096 0.027228
1305031921.533099 0.028756
1305031921.565119 0.034158
1305031921.601114 0.034336
1305031921.633107 0.033855
1305031921.701068 0.085710
1305031921.733068 0.047899
1305031921.765060 0.049978
1305031921.801034 0.039232
1305031921.833122 0.030778
1305031921.865148 0.020382
1305031921.901117 0.018632
1305031921.933132 0.027735
1305031921.965107 0.026987
1305031922.001101 0.031492
1305031922.033170 0.032614
1305031922.101032 0.058567
1305031922.133245 0.022007
1305031922.165062 0.025917
1305031922.201057 0.025305
1305031922.233248 0.020453
1305031922.265183 0.021586
1305031922.301137 0.023654
1305031922.333215 0.027834
1305031922.365143 0.022873
1305031922.401139 0.017198
1305031922.465219 0.050505
1305031922.501312 0.016391
1305031922.533139 0.022138
1305031922.565031 0.015267
1305031922.601111 0.019677
1305031922.665318 0.031643
1305031922.701355 0.023360
1305031922.733235 0.020686
1305031922.765373 0.018242
1305031922.801220 0.021667
1305031922.833262 0.018679
1305031922.865045 0.022947
1305031922.901109 0.020993
1305031922.965220 0.031836
1305031923.001054 0.009620
1305031923.065085 0.028101
1305031923.101056 0.009463
1305031923.133238 0.015969
1305031923.165168 0.015541
1305031923.201181 0.020282
1305031923.265159 0.045703
1305031923.301183 0.024827
1305031923.333169 0.019272
1305031923.365230 0.018665
1305031923.401139 0.024962
1305031923.433112 0.024531
1305031923.465290 0.024903
1305031923.501145 0.021194
1305031923.533199 0.022477
1305031923.565198 0.019756
1305031923.601069 0.017924
1305031923.633244 0.018990
1305031923.665141 0.020448
1305031923.701144 0.018857
1305031923.733145 0.016522
1305031923.765175 0.016334
1305031923.801150 0.018889
1305031923.833045 0.014783
1305031923.865161 0.019132
1305031923.901121 0.021473
1305031923.933140 0.024382
1305031923.965198 0.023722
1305031924.001096 0.015869
1305031924.033250 0.024815
1305031924.065224 0.025444
1305031924.101175 0.019471
1305031924.133285 0.016223
1305031924.165591 0.019368
1305031924.201130 0.014464
1305031924.233238 0.021279
1305031924.265335 0.014384
1305031924.301099 0.018160
1305031924.333113 0.016379
1305031924.365169 0.018513
1305031924.401095 0.021053
1305031924.433069 0.017635
1305031924.465394 0.016004
1305031924.501116 0.021348
1305031924.533245 0.022689
1305031924.565264 0.027221
1305031924.601161 0.026178
1305031924.633221 0.018700
1305031924.665187 0.024586
1305031924.701168 0.017802
1305031924.733166 0.020084
1305031924.765170 0.015424
1305031924.801057 0.010594
1305031924.833187 0.013262
1305031924.865165 0.016691
1305031924.901110 0.015673
1305031924.933186 0.012535
1305031924.969060 0.014608
1305031925.001103 0.013217
1305031925.033148 0.012744
1305031925.069090 0.015903
1305031925.101107 0.018412
1305031925.133209 0.018997
1305031925.169080 0.010088
1305031925.201117 0.013726
1305031925.233193 0.019028
1305031925.269164 0.016187
1305031925.301283 0.017269
1305031925.333142 0.018449
1305031925.369107 0.017506
1305031925.401456 0.016243
1305031925.433406 0.011823
1305031925.469099 0.015234
1305031925.501267 0.017555
1305031925.533321 0.024460
1305031925.569132 0.022847
1305031925.601218 0.022573
1305031925.633430 0.021434
1305031925.669137 0.018554
1305031925.701322 0.012295
1305031925.733167 0.014224
1305031925.769246 0.019687
1305031925.801208 0.021082
1305031925.833148 0.025245
1305031925.869197 0.024597
1305031925.901176 0.024751
1305031925.933170 0.024518
1305031925.969198 0.024570
1305031926.001186 0.021044
1305031926.033156 0.019038
1305031926.069077 0.019134
1305031926.101106 0.017338
1305031926.133181 0.020530
1305031926.169101 0.022548
1305031926.201141 0.019845
1305031926.233134 0.023520
1305031926.269135 0.020679
1305031926.301054 0.021835
1305031926.333164 0.026459
1305031926.369064 0.026321
1305031926.401166 0.025199
1305031926.433155 0.024976
1305031926.469090 0.023386
1305031926.501075 0.025835
1305031926.533176 0.029321
1305031926.569122 0.028222
1305031926.601166 0.028598
1305031926.633127 0.028325
1305031926.669140 0.028142
1305031926.701042 0.029261
1305031926.733207 0.030984
1305031926.769141 0.039323
1305031926.801342 0.041040
1305031926.833209 0.041668
1305031926.869333 0.049994
1305031926.901097 0.054631
1305031926.933348 0.049665
1305031926.969122 0.052226
1305031927.001575 0.048576
1305031927.033929 0.046384
1305031927.070528 0.045877
1305031927.101272 0.041928
1305031927.133471 0.038980
1305031927.169161 0.039042
1305031927.201210 0.038644
1305031927.233491 0.038317
1305031927.269153 0.029351
1305031927.301135 0.032022
1305031927.333139 0.029958
1305031927.369147 0.034567
1305031927.401161 0.031109
1305031927.433274 0.025167
1305031927.469105 0.022821
1305031927.501136 0.021066
1305031927.533182 0.015091
1305031927.569225 0.015012
1305031927.601132 0.019926
1305031927.633201 0.019470
1305031927.669158 0.020056
1305031927.701131 0.026517
1305031927.733219 0.022982
1305031927.769158 0.020724
1305031927.801109 0.014483
1305031927.833282 0.012365
1305031927.869143 0.012722
1305031927.901130 0.010226
1305031927.933465 0.013446
1305031927.969176 0.010993
1305031928.001134 0.009449
1305031928.033186 0.012339
1305031928.069125 0.014713
1305031928.101114 0.012822
1305031928.133202 0.011566
1305031928.169018 0.014313
1305031928.201096 0.017293
1305031928.233133 0.021197
1305031928.269216 0.022188
1305031928.301255 0.020211
1305031928.333609 0.021362
1305031928.369520 0.025353
1305031928.401116 0.029604
1305031928.433543 0.035793
1305031928.469232 0.041602
1305031928.501428 0.044877
1305031928.533982 0.042100
1305031928.569299 0.038609
1305031928.601271 0.041259
1305031928.633595 0.041189
1305031928.669146 0.038808
1305031928.701110 0.042114
1305031928.733185 0.035767
1305031928.769202 0.036475
1305031928.801117 0.034283
1305031928.833193 0.037574
1305031928.869148 0.034436
1305031928.901197 0.035812
1305031928.933215 0.038208
1305031928.969097 0.043292
1305031929.001155 0.039459
1305031929.033640 0.044278
1305031929.069089 0.042831
1305031929.101213 0.044876
1305031929.133202 0.044550
1305031929.169204 0.043551
1305031929.201163 0.040070
1305031929.233293 0.042009
1305031929.269214 0.042427
1305031929.301292 0.039874
1305031929.333529 0.037323
1305031929.369189 0.035475
1305031929.401369 0.029989
1305031929.433239 0.029051
1305031929.469219 0.029626
1305031929.501198 0.026670
1305031929.533262 0.027619
1305031929.569172 0.025429
1305031929.601101 0.025551
1305031929.634447 0.028124
1305031929.669287 0.026452
1305031929.701269 0.026148
1305031929.733617 0.024610
1305031929.769190 0.019434
1305031929.801229 0.022254
1305031929.833358 0.023491
1305031929.869242 0.019549
1305031929.901292 0.018679
1305031929.933176 0.018710
1305031929.969176 0.014498
1305031930.001350 0.012641
1305031930.033650 0.013089
1305031930.069293 0.011668
1305031930.101133 0.011828
1305031930.134163 0.015117
1305031930.169117 0.018574
1305031930.201148 0.021739
1305031930.233355 0.025212
1305031930.269064 0.025490
1305031930.301105 0.027532
1305031930.333138 0.028938
1305031930.369794 0.030276
1305031930.401077 0.032577
1305031930.433290 0.028111
1305031930.469130 0.031802
1305031930.501044 0.032922
1305031930.533067 0.032194
1305031930.569007 0.026976
1305031930.601041 0.032193
1305031930.633126 0.031244
1305031930.668925 0.030496
1305031930.701009 0.029668
1305031930.733195 0.029861
1305031930.769068 0.030041
1305031930.801055 0.029940
1305031930.833091 0.022698
1305031930.869070 0.023335
1305031930.900829 0.023175
1305031930.933330 0.023966
1305031930.969059 0.024406
1305031931.000795 0.027484
1305031931.033023 0.028299
1305031931.068905 0.028994
1305031931.100819 0.032223
1305031931.133042 0.028600
1305031931.168900 0.032456
1305031931.200696 0.036406
1305031931.233053 0.039497
1305031931.268951 0.036834
1305031931.300955 0.038692
1305031931.332991 0.038325
1305031931.369797 0.039259
1305031931.401337 0.035863
1305031931.432892 0.033622
1305031931.469079 0.030969
1305031931.500852 0.028078
1305031931.532871 0.030860
1305031931.569726 0.031133
1305031931.601199 0.023638
1305031931.633004 0.019035
1305031931.669064 0.015118
1305031931.701060 0.017226
1305031931.732985 0.017582
1305031931.768911 0.014906
1305031931.800959 0.016122
1305031931.832926 0.019098
1305031931.868988 0.027095
1305031931.900957 0.021438
1305031931.932907 0.017308
1305031931.968902 0.015410
1305031932.000829 0.014659
1305031932.032913 0.019325
1305031932.068920 0.015462
1305031932.101294 0.014683
1305031932.132895 0.022227
1305031932.169077 0.016859
1305031932.200948 0.021429
1305031932.232821 0.023657
1305031932.268818 0.025165
1305031932.300945 0.023946
1305031932.333175 0.018197
1305031932.368837 0.022268
1305031932.401680 0.023210
1305031932.432994 0.022217
1305031932.469022 0.025314
1305031932.500893 0.023980
1305031932.532959 0.024921
1305031932.568972 0.027960
1305031932.600957 0.032598
1305031932.632929 0.037236
1305031932.669236 0.030567
1305031932.700806 0.032220
1305031932.732848 0.033740
1305031932.768757 0.028957
1305031932.800821 0.033956
1305031932.832891 0.031842
1305031932.869016 0.029527
1305031932.901214 0.032490
1305031932.932932 0.026631
1305031932.968787 0.023396
1305031933.001958 0.021608
1305031933.033045 0.019617
1305031933.068879 0.013747
1305031933.100908 0.015829
1305031933.132911 0.022868
1305031933.169450 0.028767
1305031933.200949 0.027650
1305031933.233374 0.022692
1305031933.269079 0.016632
1305031933.300869 0.020300
1305031933.332881 0.017902
1305031933.368978 0.015834
1305031933.400926 0.019189
1305031933.432912 0.018128
1305031933.469486 0.017962
1305031933.500809 0.018479
1305031933.533065 0.019398
1305031933.568861 0.024076
1305031933.600899 0.027051
1305031933.632949 0.030710
1305031933.669114 0.036411
1305031933.700931 0.037125
1305031933.732901 0.037419
1305031933.768934 0.034380
1305031933.800879 0.031682
1305031933.833132 0.032241
1305031933.868855 0.030203
1305031933.900942 0.026467
1305031933.932925 0.023651
1305031933.968843 0.024511
1305031934.000841 0.019266
1305031934.033000 0.017632
1305031934.068946 0.019096
1305031934.100917 0.020633
1305031934.132845 0.022238
1305031934.169177 0.021649
1305031934.200808 0.021184
1305031934.232870 0.022607
1305031934.269296 0.019746
1305031934.300934 0.017456
1305031934.336871 0.016693
1305031934.368906 0.013078
1305031934.400928 0.014662
1305031934.436865 0.016150
1305031934.469287 0.023147
1305031934.501241 0.028532
1305031934.536876 0.020084
1305031934.569101 0.016584
1305031934.600850 0.015763
1305031934.637030 0.015201
1305031934.668984 0.022340
1305031934.700945 0.019925
1305031934.736903 0.018064
1305031934.769124 0.024741
1305031934.801627 0.023568
1305031934.836769 0.021765
1305031934.869115 0.026795
1305031934.901010 0.024856
1305031934.937234 0.030937
1305031934.969077 0.030854
1305031935.001270 0.033737
1305031935.036852 0.024882
1305031935.069722 0.026429
1305031935.100912 0.027857
1305031935.136853 0.017206
1305031935.169281 0.016137
1305031935.200951 0.016845
1305031935.237095 0.017470
1305031935.268965 0.018481
1305031935.300805 0.019775
1305031935.336810 0.017080
1305031935.368827 0.019685
1305031935.400848 0.024148
1305031935.436887 0.026271
1305031935.468890 0.024907
1305031935.500863 0.023976
1305031935.536900 0.025085
1305031935.568783 0.027983
1305031935.600963 0.033228
1305031935.636916 0.038759
1305031935.669100 0.045276
1305031935.700948 0.047569
1305031935.736900 0.054298
1305031935.768974 0.056985
1305031935.801178 0.049388
1305031935.836877 0.040927
1305031935.869025 0.034803
1305031935.901144 0.030753
1305031935.936825 0.029734
1305031935.969109 0.028751
1305031936.000820 0.028186
1305031936.036965 0.027552
1305031936.068809 0.024544
1305031936.100718 0.025905
1305031936.137490 0.025024
1305031936.168897 0.019126
1305031936.200867 0.023639
1305031936.237546 0.023504
1305031936.268981 0.022251
1305031936.300816 0.025880
1305031936.336863 0.028573
1305031936.368927 0.026300
1305031936.400840 0.024593
1305031936.436777 0.021880
1305031936.468789 0.019162
1305031936.500753 0.019449
1305031936.536847 0.014176
1305031936.569452 0.013333
1305031936.600821 0.015653
1305031936.636879 0.012114
1305031936.668885 0.023966
1305031936.700881 0.013888
1305031936.737504 0.010447
1305031936.768825 0.019798
1305031936.800856 0.013586
1305031936.836845 0.022115
1305031936.868891 0.029286
1305031936.900833 0.031671
1305031936.936914 0.033417
1305031936.968821 0.036738
1305031937.001118 0.040591
1305031937.036874 0.030732
1305031937.068765 0.039683
1305031937.100716 0.033591
1305031937.136838 0.028568
1305031937.168856 0.033311
1305031937.200813 0.034225
1305031937.236893 0.033609
1305031937.268821 0.034092
1305031937.300783 0.034488
1305031937.336862 0.030431
1305031937.368734 0.030044
1305031937.400796 0.025834
1305031937.438211 0.027085
1305031937.468824 0.026175
1305031937.500797 0.029873
1305031937.536931 0.032593
1305031937.568829 0.033797
1305031937.600746 0.032083
1305031937.636891 0.028150
1305031937.668803 0.031659
1305031937.700837 0.027094
1305031937.736899 0.026881
1305031937.768919 0.025240
1305031937.800834 0.021639
1305031937.836877 0.023401
1305031937.868807 0.023440
1305031937.900823 0.025565
1305031937.936960 0.029398
1305031937.968830 0.032361
1305031938.000822 0.031439
1305031938.036945 0.032091
1305031938.068761 0.028847
1305031938.100744 0.029793
1305031938.136885 0.033534
1305031938.168914 0.036828
1305031938.200883 0.033696
1305031938.236878 0.032595
1305031938.268809 0.033016
1305031938.300837 0.032495
1305031938.336900 0.030108
1305031938.368914 0.026650
1305031938.400842 0.024659
1305031938.436889 0.033211
1305031938.468781 0.027318
1305031938.501288 0.024849
1305031938.537028 0.032284
1305031938.568999 0.027356
1305031938.601007 0.027512
1305031938.637299 0.033049
1305031938.668747 4.291003
1305031938.700851 0.070889
1305031938.736859 0.049163
1305031938.769073 0.034134
1305031938.800781 0.054766
1305031938.836754 0.048806
1305031938.869057 4.234569
1305031938.900976 0.146606
1305031938.936828 0.154187
1305031938.969026 0.078471
1305031939.001030 3.718075
1305031939.037090 0.056244
1305031939.069377 0.028293
1305031939.101368 0.034816
1305031939.137143 0.036377
1305031939.168815 0.034587
1305031939.200865 0.035974
1305031939.237165 0.038823
1305031939.268824 0.038142
1305031939.300842 0.036852
1305031939.336729 0.042797
1305031939.368966 0.053872
1305031939.400848 0.052843
1305031939.436845 0.032233
1305031939.468851 0.030568
1305031939.500839 0.024213
1305031939.536755 0.022485
1305031939.568772 0.021021
1305031939.600838 0.017870
1305031939.636792 0.016247
1305031939.668867 0.014710
1305031939.700830 0.012474
1305031939.736750 0.014796
1305031939.768919 0.015389
1305031939.803671 0.020379
1305031939.837145 0.027942
1305031939.869215 0.026226
1305031939.903633 0.028660
1305031939.937192 0.032692
1305031939.968904 0.035060
1305031940.005582 0.040148
1305031940.037088 0.039650
1305031940.068783 0.044403
1305031940.104265 0.038068
1305031940.136746 0.033495
1305031940.168737 0.029187
1305031940.200829 0.023084
1305031940.236742 0.022948
1305031940.269041 0.027697
1305031940.301146 0.034453
1305031940.336732 0.037370
1305031940.369236 0.043718
1305031940.403665 0.051351
1305031940.436756 0.050581
1305031940.468746 0.045224
1305031940.503804 0.044556
1305031940.536724 0.031757
1305031940.568758 0.028443
1305031940.603364 0.032859
1305031940.636761 0.029280
1305031940.668762 0.025479
1305031940.703222 0.026830
1305031940.736947 0.025099
1305031940.768772 0.021329
1305031940.803047 0.021505
1305031940.836755 0.023619
1305031940.869689 0.021705
1305031940.903305 0.027835
1305031940.937034 0.026476
1305031940.968758 0.025675
1305031941.003160 0.026092
1305031941.036777 0.022261
1305031941.071057 0.020210
1305031941.103422 0.022176
1305031941.136774 0.022324
1305031941.171144 0.023577
1305031941.203508 0.027536
1305031941.236705 0.025297
1305031941.271129 0.025740
1305031941.303362 0.030463
1305031941.336734 0.030725
1305031941.371607 0.028973
1305031941.403845 0.034082
1305031941.436799 0.041083
1305031941.469611 0.041582
1305031941.501458 0.032245
1305031941.537220 0.027918
1305031941.570287 0.028483
1305031941.603047 0.032653
1305031941.636822 0.038160
1305031941.671554 0.034440
1305031941.703763 0.028242
1305031941.736866 0.027433
1305031941.768815 0.023839
1305031941.800820 0.020539
1305031941.836848 0.020395
1305031941.871813 0.020413
1305031941.902976 0.017877
1305031941.936760 0.026025
1305031941.971057 0.020530
1305031942.003141 0.025369
1305031942.036729 0.022134
1305031942.071082 0.022658
1305031942.100691 0.019125
1305031942.136758 0.022844
1305031942.170749 0.016473
1305031942.203108 0.018065
1305031942.238994 0.019628
1305031942.271105 0.019163
1305031942.303257 0.025137
1305031942.337047 0.019746
1305031942.370761 0.020692
1305031942.402939 0.021475
1305031942.439262 0.019827
1305031942.471958 0.012111
1305031942.503553 0.007404
1305031942.539453 0.012921
1305031942.571867 0.012477
1305031942.601448 0.013172
1305031942.639942 0.012238
1305031942.669006 0.013416
1305031942.704015 0.021863
1305031942.739812 0.016638
1305031942.771708 0.015459
1305031942.801557 0.012665
1305031942.841042 0.009793
1305031942.868828 0.014729
1305031942.903960 0.013065
1305031942.936816 0.014080
1305031942.970936 0.010115
1305031943.001103 0.010692
1305031943.039961 0.017477
1305031943.071743 0.015864
1305031943.104177 0.011747
1305031943.139521 0.011758
1305031943.171912 0.011842
1305031943.201564 0.012469
1305031943.240004 0.013706
1305031943.271805 0.013485
1305031943.303965 0.017879
1305031943.339941 0.019846
1305031943.371774 0.019665
1305031943.404245 0.022441
1305031943.440153 0.022576
1305031943.471431 0.020560
1305031943.501108 0.017436
1305031943.539525 0.021427
1305031943.570021 0.016437
1305031943.607467 0.010689
1305031943.638026 0.012071
1305031943.671504 0.026339
1305031943.707251 0.023947
1305031943.739428 0.028176
1305031943.771329 0.017114
1305031943.806822 0.017180
1305031943.837754 0.014321
1305031943.868873 0.023872
1305031943.907218 0.025379
1305031943.936768 0.023483
1305031943.971278 0.035624
1305031944.007760 0.027918
1305031944.040486 0.025479
1305031944.070886 0.030582
1305031944.107390 0.030042
1305031944.139656 0.031099
1305031944.171370 0.021783
1305031944.206998 0.019889
1305031944.239334 0.013593
1305031944.270963 0.015007
1305031944.306934 0.018415
1305031944.339308 0.022891
1305031944.370745 0.025255
1305031944.406233 0.026360
1305031944.438724 0.034764
1305031944.471304 0.041698
1305031944.506947 0.036823
1305031944.539069 0.041981
1305031944.571530 0.031199
1305031944.607229 0.029592
1305031944.639625 0.029289
1305031944.671779 0.029629
1305031944.707774 0.040558
1305031944.739941 0.045274
1305031944.769058 0.030510
1305031944.807919 0.028903
1305031944.839956 0.023344
1305031944.875719 0.023223
1305031944.904670 0.017714
1305031944.939702 0.021102
1305031944.969076 0.023350
1305031945.007437 0.030030
1305031945.039937 0.042388
1305031945.069177 0.039576
1305031945.107523 0.040555
1305031945.136772 0.046995
1305031945.168992 0.036269
1305031945.207107 0.037099
1305031945.238859 0.029618
1305031945.269070 0.018246
1305031945.306358 0.016274
1305031945.338940 0.023830
1305031945.369056 0.022886
1305031945.406657 0.022864
1305031945.436818 0.032487
1305031945.469167 0.029314
1305031945.506438 0.019327
1305031945.538422 0.024902
1305031945.569071 0.031979
1305031945.606029 0.019075
1305031945.638298 0.011294
1305031945.669116 0.014666
1305031945.706215 0.020451
1305031945.738673 0.022532
1305031945.769045 0.027017
1305031945.806240 0.030674
1305031945.838266 0.031397
1305031945.869258 0.037144
1305031945.909177 0.047892
1305031945.936806 0.045302
1305031945.969300 0.043797
1305031946.005983 0.046239
1305031946.037278 0.045835
1305031946.069057 0.037356
1305031946.107140 0.032875
1305031946.137054 0.025523
1305031946.168867 0.017602
1305031946.207043 0.020009
1305031946.237369 0.019384
1305031946.268902 0.017755
1305031946.306775 0.021121
1305031946.337036 0.026154
1305031946.369021 0.024490
1305031946.406520 0.022926
1305031946.437150 0.020393
1305031946.468964 0.021076
1305031946.506586 0.021619
1305031946.537148 0.019376
1305031946.569238 0.020669
1305031946.606469 0.021251
1305031946.637163 0.021042
1305031946.669089 0.021625
1305031946.706515 0.021948
1305031946.737134 0.021818
1305031946.769059 0.021213
1305031946.806647 0.022187
1305031946.837100 0.020270
1305031946.869090 0.016717
1305031946.906602 0.016439
1305031946.937151 0.020110
1305031946.969064 0.017246
1305031947.006827 0.018399
1305031947.037000 0.018471
1305031947.068973 0.014525
1305031947.106644 0.013318
1305031947.137044 0.020067
1305031947.169117 0.013846
1305031947.204982 0.009813
1305031947.237001 0.009194
1305031947.269076 0.016079
1305031947.304951 0.021428
1305031947.336945 0.021687
1305031947.368991 0.025531
1305031947.405013 0.023051
1305031947.437038 0.017867
1305031947.469273 0.023205
1305031947.504994 0.029747
1305031947.537022 0.035282
1305031947.568989 0.026908
1305031947.605177 0.042607
1305031947.637085 0.036598
1305031947.669011 0.027212
1305031947.705153 0.043220
1305031947.736979 0.046138
1305031947.769041 0.044962
1305031947.804941 0.041723
1305031947.837022 0.025930
1305031947.868988 0.041115
1305031947.904995 0.025967
1305031947.937025 0.029063
1305031947.968976 0.028657
1305031948.004911 0.021958
1305031948.037003 0.022138
1305031948.068973 0.019480
1305031948.104993 0.012503
1305031948.136951 0.016686
1305031948.168952 0.020525
1305031948.204992 0.026424
1305031948.237002 0.022563
1305031948.269041 0.023016
1305031948.304939 0.026729
1305031948.337101 0.027298
1305031948.368969 0.021796
1305031948.404989 0.020750
1305031948.436942 0.024307
1305031948.469170 0.025184
1305031948.505024 0.023442
1305031948.537017 0.026775
1305031948.568891 0.025873
1305031948.605001 0.022566
1305031948.636912 0.025337
1305031948.669040 0.023361
1305031948.705075 0.025734
1305031948.737063 0.024180
1305031948.768899 0.020670
1305031948.804975 0.024090
1305031948.837073 0.023879
1305031948.868835 0.027452
1305031948.905077 0.033165
1305031948.936996 0.028325
1305031948.968952 0.029300
1305031949.005006 0.038803
1305031949.037089 0.036372
1305031949.069061 0.036737
1305031949.105077 0.030133
1305031949.137263 0.037062
1305031949.168946 0.032004
1305031949.204940 0.034008
1305031949.237011 0.037643
1305031949.268994 0.035147
1305031949.305254 0.033839
1305031949.337227 0.031622
1305031949.368902 0.034577
1305031949.405064 0.034947
1305031949.437094 0.024943
1305031949.468902 0.027347
1305031949.505002 0.024796
1305031949.537017 0.022201
1305031949.568988 0.028045
1305031949.604798 0.035014
1305031949.637172 0.029342
1305031949.668955 0.033758
1305031949.705003 0.037717
1305031949.736949 0.029504
1305031949.768985 0.029072
1305031949.804939 0.037064
1305031949.836964 0.038134
1305031949.868951 0.035816
1305031949.904851 0.043917
1305031949.936858 0.040583
1305031949.968881 0.037263
1305031950.004952 0.038401
1305031950.036989 0.041077
1305031950.069081 0.044664
1305031950.104966 0.044002
1305031950.136997 0.055088
1305031950.168914 0.066774
1305031950.204933 0.063021
1305031950.237027 0.063021
1305031950.269033 0.054820
1305031950.304978 0.041994
1305031950.337197 0.039320
1305031950.368911 0.040797
1305031950.404939 0.044140
1305031950.436983 0.034404
1305031950.468976 0.044890
1305031950.504938 0.033573
1305031950.536894 0.023740
1305031950.568883 0.023070
1305031950.604862 0.020359
1305031950.637006 0.019789
1305031950.668910 0.023823
1305031950.704873 0.024008
1305031950.736893 0.037006
1305031950.768897 0.035173
1305031950.804899 0.038558
1305031950.837135 0.040349
1305031950.869014 0.041880
1305031950.904883 0.035219
1305031950.936970 0.037192
1305031950.968904 0.032835
1305031951.004836 0.027866
1305031951.036930 0.019722
1305031951.069013 0.023244
1305031951.104800 0.024472
1305031951.136893 0.024889
1305031951.168908 0.028511
1305031951.204914 0.036453
1305031951.236957 0.045903
1305031951.268906 0.042070
1305031951.304862 0.035627
1305031951.336937 0.039287
1305031951.368840 0.040100
1305031951.404865 0.034055
1305031951.436903 0.032925
1305031951.468857 0.027732
