1305031910.797230 422.000000
1305031910.835208 570.000000
1305031910.865025 513.000000
1305031910.897222 582.000000
1305031910.935211 367.000000
1305031910.965249 347.000000
1305031910.997325 285.000000
1305031911.035050 413.000000
1305031911.065269 370.000000
1305031911.097196 386.000000
1305031911.135664 371.000000
1305031911.165177 533.000000
1305031911.197213 467.000000
1305031911.235651 529.000000
1305031911.265104 435.000000
1305031911.297334 530.000000
1305031911.333191 585.000000
1305031911.365235 457.000000
1305031911.397333 565.000000
1305031911.433256 537.000000
1305031911.465250 561.000000
1305031911.497291 494.000000
1305031911.533251 519.000000
1305031911.565335 541.000000
1305031911.597302 469.000000
1305031911.633337 351.000000
1305031911.665124 583.000000
1305031911.697167 523.000000
1305031911.733203 565.000000
1305031911.765284 543.000000
1305031911.797297 576.000000
1305031911.833338 445.000000
1305031911.865269 528.000000
1305031911.897159 491.000000
1305031911.933063 435.000000
1305031911.965140 304.000000
1305031911.997252 344.000000
1305031912.033135 365.000000
1305031912.065365 411.000000
1305031912.096953 433.000000
1305031912.133282 492.000000
1305031912.165138 573.000000
1305031912.197357 550.000000
1305031912.233265 545.000000
1305031912.265090 505.000000
1305031912.297250 277.000000
1305031912.333274 319.000000
1305031912.365250 602.000000
1305031912.397198 395.000000
1305031912.433290 499.000000
1305031912.465142 505.000000
1305031912.497123 346.000000
1305031912.533113 503.000000
1305031912.565146 527.000000
1305031912.597090 472.000000
1305031912.633132 566.000000
1305031912.665220 427.000000
1305031912.697182 456.000000
1305031912.733125 482.000000
1305031912.765193 356.000000
1305031912.797155 559.000000
1305031912.833077 596.000000
1305031912.865153 572.000000
1305031912.897198 513.000000
1305031912.933115 545.000000
1305031912.965034 458.000000
1305031912.997049 519.000000
1305031913.033133 448.000000
1305031913.065209 532.000000
1305031913.097038 401.000000
1305031913.133146 378.000000
1305031913.165211 440.000000
1305031913.197113 469.000000
1305031913.233126 417.000000
1305031913.265022 426.000000
1305031913.297160 396.000000
1305031913.333122 452.000000
1305031913.365070 466.000000
1305031913.397099 424.000000
1305031913.433081 342.000000
1305031913.465231 194.000000
1305031913.497227 270.000000
1305031913.533297 259.000000
1305031913.565261 303.000000
1305031913.597139 323.000000
1305031913.633293 217.000000
1305031913.665421 353.000000
1305031913.697243 416.000000
1305031913.733097 387.000000
1305031913.765028 415.000000
1305031913.797106 449.000000
1305031913.833143 341.000000
1305031913.865063 463.000000
1305031913.897116 480.000000
1305031913.933123 374.000000
1305031913.965134 537.000000
1305031913.997116 435.000000
1305031914.033441 404.000000
1305031914.065072 315.000000
1305031914.097126 471.000000
1305031914.133245 500.000000
1305031914.165013 479.000000
1305031914.197110 491.000000
1305031914.233108 204.000000
1305031914.265074 444.000000
1305031914.297165 259.000000
1305031914.333148 202.000000
1305031914.365058 275.000000
1305031914.397215 514.000000
1305031914.433060 442.000000
1305031914.465054 490.000000
1305031914.497127 480.000000
1305031914.533107 508.000000
1305031914.565001 501.000000
1305031914.597122 450.000000
1305031914.633055 508.000000
1305031914.665019 446.000000
1305031914.697129 355.000000
1305031914.733078 509.000000
1305031914.764901 347.000000
1305031914.797119 386.000000
1305031914.833133 418.000000
1305031914.865128 492.000000
1305031914.897188 482.000000
1305031914.933099 461.000000
1305031914.964978 445.000000
1305031914.997078 486.000000
1305031915.033152 537.000000
1305031915.065009 465.000000
1305031915.097024 506.000000
1305031915.133208 468.000000
1305031915.165021 475.000000
1305031915.197108 450.000000
1305031915.233111 382.000000
1305031915.264979 523.000000
1305031915.297152 468.000000
1305031915.333207 513.000000
1305031915.365050 516.000000
1305031915.397167 491.000000
1305031915.432960 450.000000
1305031915.464920 412.000000
1305031915.497121 412.000000
1305031915.533058 397.000000
1305031915.564985 389.000000
1305031915.601161 391.000000
1305031915.633062 454.000000
1305031915.665003 425.000000
1305031915.701106 445.000000
1305031915.733046 376.000000
1305031915.765010 290.000000
1305031915.801243 305.000000
1305031915.833049 514.000000
1305031915.865069 373.000000
1305031915.901234 536.000000
1305031915.933056 459.000000
1305031915.965061 429.000000
1305031916.001234 459.000000
1305031916.033043 441.000000
1305031916.065060 67.000000
1305031916.101115 270.000000
1305031916.133093 256.000000
1305031916.165155 104.000000
1305031916.201031 242.000000
1305031916.233050 166.000000
1305031916.265060 430.000000
1305031916.301076 462.000000
1305031916.333426 327.000000
1305031916.365121 319.000000
1305031916.401006 451.000000
1305031916.433168 369.000000
1305031916.465124 416.000000
1305031916.501025 339.000000
1305031916.533266 438.000000
1305031916.565142 407.000000
1305031916.601238 439.000000
1305031916.633156 397.000000
1305031916.665139 387.000000
1305031916.701048 461.000000
1305031916.733056 447.000000
1305031916.765076 351.000000
1305031916.801088 355.000000
1305031916.833266 351.000000
1305031916.865085 272.000000
1305031916.901017 282.000000
1305031916.933088 305.000000
1305031916.965054 297.000000
1305031917.001132 273.000000
1305031917.033155 142.000000
1305031917.065136 186.000000
1305031917.101130 182.000000
1305031917.133106 106.000000
1305031917.165045 163.000000
1305031917.201175 83.000000
1305031917.233102 136.000000
1305031917.265163 117.000000
1305031917.301107 72.000000
1305031917.333229 108.000000
1305031917.365138 169.000000
1305031917.401065 120.000000
1305031917.433141 125.000000
1305031917.465076 71.000000
1305031917.501158 95.000000
1305031917.533057 117.000000
1305031917.565195 109.000000
1305031917.601069 116.000000
1305031917.633090 97.000000
1305031917.665060 142.000000
1305031917.701096 122.000000
1305031917.733003 98.000000
1305031917.765114 100.000000
1305031917.801048 102.000000
1305031917.833090 137.000000
1305031917.865107 123.000000
1305031917.901060 148.000000
1305031917.932948 169.000000
1305031917.965346 161.000000
1305031918.001098 361.000000
1305031918.033144 321.000000
1305031918.065137 194.000000
1305031918.101060 439.000000
1305031918.133054 356.000000
1305031918.165017 318.000000
1305031918.201086 474.000000
1305031918.233042 419.000000
1305031918.265256 502.000000
1305031918.301124 439.000000
1305031918.333165 468.000000
1305031918.365072 394.000000
1305031918.401030 290.000000
1305031918.433043 457.000000
1305031918.465089 300.000000
1305031918.501125 426.000000
1305031918.533134 494.000000
1305031918.565018 484.000000
1305031918.601029 267.000000
1305031918.633027 418.000000
1305031918.665112 504.000000
1305031918.701017 520.000000
1305031918.765151 348.000000
1305031918.801097 552.000000
1305031918.833123 471.000000
1305031918.865115 430.000000
1305031918.901084 410.000000
1305031918.933071 457.000000
1305031918.965058 550.000000
1305031919.001053 522.000000
1305031919.033082 497.000000
1305031919.065147 580.000000
1305031919.101028 541.000000
1305031919.133133 550.000000
1305031919.165110 570.000000
1305031919.201124 519.000000
1305031919.233093 437.000000
1305031919.265125 624.000000
1305031919.301119 476.000000
1305031919.333120 505.000000
1305031919.364948 482.000000
1305031919.401124 530.000000
1305031919.433256 593.000000
1305031919.465070 499.000000
1305031919.501049 494.000000
1305031919.533110 506.000000
1305031919.565165 519.000000
1305031919.601094 574.000000
1305031919.633127 362.000000
1305031919.665042 498.000000
1305031919.701092 425.000000
1305031919.733117 510.000000
1305031919.765060 384.000000
1305031919.801129 374.000000
1305031919.833072 371.000000
1305031919.865180 547.000000
1305031919.901067 333.000000
1305031919.933102 588.000000
1305031919.965129 575.000000
1305031920.001054 502.000000
1305031920.033118 384.000000
1305031920.065136 489.000000
1305031920.101055 546.000000
1305031920.132987 491.000000
1305031920.165140 549.000000
1305031920.201166 384.000000
1305031920.233083 446.000000
1305031920.265120 531.000000
1305031920.301096 499.000000
1305031920.333124 530.000000
1305031920.365130 465.000000
1305031920.401115 448.000000
1305031920.433123 511.000000
1305031920.465148 506.000000
1305031920.501107 506.000000
1305031920.533105 334.000000
1305031920.565153 469.000000
1305031920.633105 267.000000
1305031920.665129 221.000000
1305031920.701147 314.000000
1305031920.733091 381.000000
1305031920.765152 377.000000
1305031920.801031 356.000000
1305031920.833132 414.000000
1305031920.865163 398.000000
1305031920.901037 417.000000
1305031920.933077 327.000000
1305031920.965217 405.000000
1305031921.001108 408.000000
1305031921.033111 418.000000
1305031921.065147 414.000000
1305031921.101105 436.000000
1305031921.133159 446.000000
1305031921.165116 472.000000
1305031921.201159 380.000000
1305031921.233189 418.000000
1305031921.265164 456.000000
1305031921.301188 426.000000
1305031921.333158 483.000000
1305031921.365112 483.000000
1305031921.401108 420.000000
1305031921.433143 507.000000
1305031921.465014 561.000000
1305031921.501096 494.000000
1305031921.533099 462.000000
1305031921.565119 321.000000
1305031921.601114 262.000000
1305031921.633107 397.000000
1305031921.701068 306.000000
1305031921.733068 357.000000
1305031921.765060 322.000000
1305031921.801034 339.000000
1305031921.833122 380.000000
1305031921.865148 409.000000
1305031921.901117 323.000000
1305031921.933132 439.000000
1305031921.965107 363.000000
1305031922.001101 371.000000
1305031922.033170 423.000000
1305031922.101032 328.000000
1305031922.133245 452.000000
1305031922.165062 438.000000
1305031922.201057 410.000000
1305031922.233248 492.000000
1305031922.265183 451.000000
1305031922.301137 409.000000
1305031922.333215 441.000000
1305031922.365143 462.000000
1305031922.401139 423.000000
1305031922.465219 398.000000
1305031922.501312 519.000000
1305031922.533139 498.000000
1305031922.565031 529.000000
1305031922.601111 520.000000
1305031922.665318 546.000000
1305031922.701355 480.000000
1305031922.733235 446.000000
1305031922.765373 537.000000
1305031922.801220 559.000000
1305031922.833262 556.000000
1305031922.865045 554.000000
1305031922.901109 529.000000
1305031922.965220 324.000000
1305031923.001054 510.000000
1305031923.065085 382.000000
1305031923.101056 456.000000
1305031923.133238 486.000000
1305031923.165168 306.000000
1305031923.201181 439.000000
1305031923.265159 155.000000
1305031923.301183 508.000000
1305031923.333169 494.000000
1305031923.365230 437.000000
1305031923.401139 412.000000
1305031923.433112 346.000000
1305031923.465290 419.000000
1305031923.501145 196.000000
1305031923.533199 403.000000
1305031923.565198 346.000000
1305031923.601069 385.000000
1305031923.633244 342.000000
1305031923.665141 363.000000
1305031923.701144 360.000000
1305031923.733145 415.000000
1305031923.765175 364.000000
1305031923.801150 273.000000
1305031923.833045 255.000000
1305031923.865161 406.000000
1305031923.901121 428.000000
1305031923.933140 383.000000
1305031923.965198 199.000000
1305031924.001096 175.000000
1305031924.033250 360.000000
1305031924.065224 195.000000
1305031924.101175 285.000000
1305031924.133285 391.000000
1305031924.165591 312.000000
1305031924.201130 274.000000
1305031924.233238 376.000000
1305031924.265335 373.000000
1305031924.301099 353.000000
1305031924.333113 376.000000
1305031924.365169 370.000000
1305031924.401095 409.000000
1305031924.433069 409.000000
1305031924.465394 445.000000
1305031924.501116 443.000000
1305031924.533245 473.000000
1305031924.565264 469.000000
1305031924.601161 355.000000
1305031924.633221 428.000000
1305031924.665187 482.000000
1305031924.701168 450.000000
1305031924.733166 498.000000
1305031924.765170 423.000000
1305031924.801057 448.000000
1305031924.833187 387.000000
1305031924.865165 332.000000
1305031924.901110 396.000000
1305031924.933186 402.000000
1305031924.969060 495.000000
1305031925.001103 532.000000
1305031925.033148 550.000000
1305031925.069090 511.000000
1305031925.101107 428.000000
1305031925.133209 400.000000
1305031925.169080 307.000000
1305031925.201117 521.000000
1305031925.233193 454.000000
1305031925.269164 487.000000
1305031925.301283 443.000000
1305031925.333142 476.000000
1305031925.369107 466.000000
1305031925.401456 493.000000
1305031925.433406 455.000000
1305031925.469099 442.000000
1305031925.501267 388.000000
1305031925.533321 436.000000
1305031925.569132 516.000000
1305031925.601218 500.000000
1305031925.633430 483.000000
1305031925.669137 456.000000
1305031925.701322 470.000000
1305031925.733167 456.000000
1305031925.769246 342.000000
1305031925.801208 422.000000
1305031925.833148 429.000000
1305031925.869197 410.000000
1305031925.901176 456.000000
1305031925.933170 380.000000
1305031925.969198 436.000000
1305031926.001186 351.000000
1305031926.033156 509.000000
1305031926.069077 431.000000
1305031926.101106 445.000000
1305031926.133181 442.000000
1305031926.169101 461.000000
1305031926.201141 459.000000
1305031926.233134 473.000000
1305031926.269135 528.000000
1305031926.301054 495.000000
1305031926.333164 520.000000
1305031926.369064 522.000000
1305031926.401166 557.000000
1305031926.433155 546.000000
1305031926.469090 560.000000
1305031926.501075 480.000000
1305031926.533176 560.000000
1305031926.569122 543.000000
1305031926.601166 538.000000
1305031926.633127 588.000000
1305031926.669140 574.000000
1305031926.701042 383.000000
1305031926.733207 432.000000
1305031926.769141 410.000000
1305031926.801342 454.000000
1305031926.833209 446.000000
1305031926.869333 350.000000
1305031926.901097 318.000000
1305031926.933348 301.000000
1305031926.969122 241.000000
1305031927.001575 257.000000
1305031927.033929 237.000000
1305031927.070528 289.000000
1305031927.101272 268.000000
1305031927.133471 264.000000
1305031927.169161 302.000000
1305031927.201210 291.000000
1305031927.233491 227.000000
1305031927.269153 311.000000
1305031927.301135 379.000000
1305031927.333139 343.000000
1305031927.369147 309.000000
1305031927.401161 358.000000
1305031927.433274 416.000000
1305031927.469105 426.000000
1305031927.501136 425.000000
1305031927.533182 416.000000
1305031927.569225 461.000000
1305031927.601132 386.000000
1305031927.633201 305.000000
1305031927.669158 454.000000
1305031927.701131 474.000000
1305031927.733219 512.000000
1305031927.769158 516.000000
1305031927.801109 448.000000
1305031927.833282 466.000000
1305031927.869143 502.000000
1305031927.901130 411.000000
1305031927.933465 462.000000
1305031927.969176 460.000000
1305031928.001134 471.000000
1305031928.033186 441.000000
1305031928.069125 419.000000
1305031928.101114 427.000000
1305031928.133202 472.000000
1305031928.169018 475.000000
1305031928.201096 454.000000
1305031928.233133 336.000000
1305031928.269216 331.000000
1305031928.301255 387.000000
1305031928.333609 402.000000
1305031928.369520 345.000000
1305031928.401116 327.000000
1305031928.433543 285.000000
1305031928.469232 337.000000
1305031928.501428 226.000000
1305031928.533982 297.000000
1305031928.569299 365.000000
1305031928.601271 304.000000
1305031928.633595 255.000000
1305031928.669146 276.000000
1305031928.701110 330.000000
1305031928.733185 339.000000
1305031928.769202 325.000000
1305031928.801117 362.000000
1305031928.833193 366.000000
1305031928.869148 368.000000
1305031928.901197 384.000000
1305031928.933215 248.000000
1305031928.969097 215.000000
1305031929.001155 217.000000
1305031929.033640 215.000000
1305031929.069089 166.000000
1305031929.101213 176.000000
1305031929.133202 160.000000
1305031929.169204 170.000000
1305031929.201163 186.000000
1305031929.233293 173.000000
1305031929.269214 248.000000
1305031929.301292 265.000000
1305031929.333529 281.000000
1305031929.369189 258.000000
1305031929.401369 254.000000
1305031929.433239 363.000000
1305031929.469219 413.000000
1305031929.501198 420.000000
1305031929.533262 435.000000
1305031929.569172 404.000000
1305031929.601101 371.000000
1305031929.634447 336.000000
1305031929.669287 336.000000
1305031929.701269 360.000000
1305031929.733617 386.000000
1305031929.769190 426.000000
1305031929.801229 467.000000
1305031929.833358 464.000000
1305031929.869242 501.000000
1305031929.901292 514.000000
1305031929.933176 469.000000
1305031929.969176 467.000000
1305031930.001350 480.000000
1305031930.033650 503.000000
1305031930.069293 517.000000
1305031930.101133 517.000000
1305031930.134163 412.000000
1305031930.169117 409.000000
1305031930.201148 400.000000
1305031930.233355 387.000000
1305031930.269064 349.000000
1305031930.301105 254.000000
1305031930.333138 208.000000
1305031930.369794 206.000000
1305031930.401077 260.000000
1305031930.433290 289.000000
1305031930.469130 160.000000
1305031930.501044 312.000000
1305031930.533067 324.000000
1305031930.569007 411.000000
1305031930.601041 373.000000
1305031930.633126 389.000000
1305031930.668925 477.000000
1305031930.701009 498.000000
1305031930.733195 573.000000
1305031930.769068 560.000000
1305031930.801055 454.000000
1305031930.833091 494.000000
1305031930.869070 557.000000
1305031930.900829 590.000000
1305031930.933330 630.000000
1305031930.969059 603.000000
1305031931.000795 552.000000
1305031931.033023 579.000000
1305031931.068905 544.000000
1305031931.100819 601.000000
1305031931.133042 585.000000
1305031931.168900 484.000000
1305031931.200696 530.000000
1305031931.233053 550.000000
1305031931.268951 583.000000
1305031931.300955 537.000000
1305031931.332991 558.000000
1305031931.369797 577.000000
1305031931.401337 568.000000
1305031931.432892 526.000000
1305031931.469079 537.000000
1305031931.500852 570.000000
1305031931.532871 570.000000
1305031931.569726 409.000000
1305031931.601199 604.000000
1305031931.633004 646.000000
1305031931.669064 653.000000
1305031931.701060 626.000000
1305031931.732985 631.000000
1305031931.768911 576.000000
1305031931.800959 544.000000
1305031931.832926 516.000000
1305031931.868988 557.000000
1305031931.900957 441.000000
1305031931.932907 573.000000
1305031931.968902 590.000000
1305031932.000829 559.000000
1305031932.032913 572.000000
1305031932.068920 569.000000
1305031932.101294 526.000000
1305031932.132895 417.000000
1305031932.169077 467.000000
1305031932.200948 437.000000
1305031932.232821 475.000000
1305031932.268818 440.000000
1305031932.300945 438.000000
1305031932.333175 542.000000
1305031932.368837 456.000000
1305031932.401680 578.000000
1305031932.432994 519.000000
1305031932.469022 579.000000
1305031932.500893 547.000000
1305031932.532959 540.000000
1305031932.568972 525.000000
1305031932.600957 472.000000
1305031932.632929 509.000000
1305031932.669236 545.000000
1305031932.700806 504.000000
1305031932.732848 502.000000
1305031932.768757 467.000000
1305031932.800821 507.000000
1305031932.832891 465.000000
1305031932.869016 457.000000
1305031932.901214 512.000000
1305031932.932932 276.000000
1305031932.968787 467.000000
1305031933.001958 308.000000
1305031933.033045 421.000000
1305031933.068879 358.000000
1305031933.100908 299.000000
1305031933.132911 316.000000
1305031933.169450 461.000000
1305031933.200949 584.000000
1305031933.233374 490.000000
1305031933.269079 569.000000
1305031933.300869 469.000000
1305031933.332881 583.000000
1305031933.368978 596.000000
1305031933.400926 560.000000
1305031933.432912 567.000000
1305031933.469486 557.000000
1305031933.500809 603.000000
1305031933.533065 569.000000
1305031933.568861 577.000000
1305031933.600899 573.000000
1305031933.632949 534.000000
1305031933.669114 570.000000
1305031933.700931 590.000000
1305031933.732901 568.000000
1305031933.768934 607.000000
1305031933.800879 606.000000
1305031933.833132 490.000000
1305031933.868855 561.000000
1305031933.900942 489.000000
1305031933.932925 528.000000
1305031933.968843 482.000000
1305031934.000841 506.000000
1305031934.033000 514.000000
1305031934.068946 513.000000
1305031934.100917 499.000000
1305031934.132845 507.000000
1305031934.169177 534.000000
1305031934.200808 517.000000
1305031934.232870 483.000000
1305031934.269296 418.000000
1305031934.300934 394.000000
1305031934.336871 478.000000
1305031934.368906 479.000000
1305031934.400928 539.000000
1305031934.436865 529.000000
1305031934.469287 516.000000
1305031934.501241 442.000000
1305031934.536876 442.000000
1305031934.569101 516.000000
1305031934.600850 463.000000
1305031934.637030 492.000000
1305031934.668984 503.000000
1305031934.700945 512.000000
1305031934.736903 450.000000
1305031934.769124 462.000000
1305031934.801627 484.000000
1305031934.836769 403.000000
1305031934.869115 435.000000
1305031934.901010 457.000000
1305031934.937234 372.000000
1305031934.969077 447.000000
1305031935.001270 427.000000
1305031935.036852 486.000000
1305031935.069722 444.000000
1305031935.100912 345.000000
1305031935.136853 483.000000
1305031935.169281 438.000000
1305031935.200951 454.000000
1305031935.237095 479.000000
1305031935.268965 492.000000
1305031935.300805 411.000000
1305031935.336810 418.000000
1305031935.368827 424.000000
1305031935.400848 475.000000
1305031935.436887 495.000000
1305031935.468890 513.000000
1305031935.500863 408.000000
1305031935.536900 433.000000
1305031935.568783 306.000000
1305031935.600963 359.000000
1305031935.636916 299.000000
1305031935.669100 320.000000
1305031935.700948 290.000000
1305031935.736900 245.000000
1305031935.768974 264.000000
1305031935.801178 226.000000
1305031935.836877 388.000000
1305031935.869025 414.000000
1305031935.901144 490.000000
1305031935.936825 443.000000
1305031935.969109 459.000000
1305031936.000820 501.000000
1305031936.036965 497.000000
1305031936.068809 463.000000
1305031936.100718 479.000000
1305031936.137490 358.000000
1305031936.168897 529.000000
1305031936.200867 468.000000
1305031936.237546 543.000000
1305031936.268981 497.000000
1305031936.300816 479.000000
1305031936.336863 483.000000
1305031936.368927 504.000000
1305031936.400840 542.000000
1305031936.436777 555.000000
1305031936.468789 551.000000
1305031936.500753 543.000000
1305031936.536847 570.000000
1305031936.569452 552.000000
1305031936.600821 572.000000
1305031936.636879 566.000000
1305031936.668885 453.000000
1305031936.700881 514.000000
1305031936.737504 448.000000
1305031936.768825 548.000000
1305031936.800856 430.000000
1305031936.836845 408.000000
1305031936.868891 451.000000
1305031936.900833 471.000000
1305031936.936914 443.000000
1305031936.968821 428.000000
1305031937.001118 442.000000
1305031937.036874 295.000000
1305031937.068765 316.000000
1305031937.100716 276.000000
1305031937.136838 367.000000
1305031937.168856 434.000000
1305031937.200813 415.000000
1305031937.236893 424.000000
1305031937.268821 391.000000
1305031937.300783 470.000000
1305031937.336862 366.000000
1305031937.368734 381.000000
1305031937.400796 488.000000
1305031937.438211 479.000000
1305031937.468824 519.000000
1305031937.500797 500.000000
1305031937.536931 490.000000
1305031937.568829 524.000000
1305031937.600746 458.000000
1305031937.636891 457.000000
1305031937.668803 529.000000
1305031937.700837 404.000000
1305031937.736899 497.000000
1305031937.768919 462.000000
1305031937.800834 447.000000
1305031937.836877 481.000000
1305031937.868807 450.000000
1305031937.900823 405.000000
1305031937.936960 345.000000
1305031937.968830 302.000000
1305031938.000822 320.000000
1305031938.036945 267.000000
1305031938.068761 273.000000
1305031938.100744 247.000000
1305031938.136885 211.000000
1305031938.168914 146.000000
1305031938.200883 189.000000
1305031938.236878 122.000000
1305031938.268809 126.000000
1305031938.300837 137.000000
1305031938.336900 122.000000
1305031938.368914 117.000000
1305031938.400842 90.000000
1305031938.436889 71.000000
1305031938.468781 71.000000
1305031938.501288 66.000000
1305031938.537028 41.000000
1305031938.568999 47.000000
1305031938.601007 43.000000
1305031938.637299 25.000000
1305031938.668747 31.000000
1305031938.700851 34.000000
1305031938.736859 31.000000
1305031938.769073 30.000000
1305031938.800781 39.000000
1305031938.836754 35.000000
1305031938.869057 27.000000
1305031938.900976 19.000000
1305031938.936828 19.000000
1305031938.969026 31.000000
1305031939.001030 68.000000
1305031939.037090 67.000000
1305031939.069377 203.000000
1305031939.101368 233.000000
1305031939.137143 227.000000
1305031939.168815 228.000000
1305031939.200865 258.000000
1305031939.237165 246.000000
1305031939.268824 249.000000
1305031939.300842 233.000000
1305031939.336729 255.000000
1305031939.368966 285.000000
1305031939.400848 274.000000
1305031939.436845 392.000000
1305031939.468851 439.000000
1305031939.500839 464.000000
1305031939.536755 422.000000
1305031939.568772 469.000000
1305031939.600838 438.000000
1305031939.636792 506.000000
1305031939.668867 411.000000
1305031939.700830 412.000000
1305031939.736750 559.000000
1305031939.768919 544.000000
1305031939.803671 328.000000
1305031939.837145 418.000000
1305031939.869215 543.000000
1305031939.903633 466.000000
1305031939.937192 380.000000
1305031939.968904 519.000000
1305031940.005582 511.000000
1305031940.037088 482.000000
1305031940.068783 369.000000
1305031940.104265 408.000000
1305031940.136746 539.000000
1305031940.168737 512.000000
1305031940.200829 428.000000
1305031940.236742 539.000000
1305031940.269041 436.000000
1305031940.301146 443.000000
1305031940.336732 389.000000
1305031940.369236 260.000000
1305031940.403665 310.000000
1305031940.436756 315.000000
1305031940.468746 313.000000
1305031940.503804 261.000000
1305031940.536724 425.000000
1305031940.568758 469.000000
1305031940.603364 313.000000
1305031940.636761 407.000000
1305031940.668762 315.000000
1305031940.703222 505.000000
1305031940.736947 554.000000
1305031940.768772 518.000000
1305031940.803047 543.000000
1305031940.836755 466.000000
1305031940.869689 402.000000
1305031940.903305 487.000000
1305031940.937034 485.000000
1305031940.968758 510.000000
1305031941.003160 487.000000
1305031941.036777 548.000000
1305031941.071057 576.000000
1305031941.103422 593.000000
1305031941.136774 571.000000
1305031941.171144 586.000000
1305031941.203508 499.000000
1305031941.236705 531.000000
1305031941.271129 600.000000
1305031941.303362 524.000000
1305031941.336734 441.000000
1305031941.371607 393.000000
1305031941.403845 519.000000
1305031941.436799 558.000000
1305031941.469611 535.000000
1305031941.501458 535.000000
1305031941.537220 388.000000
1305031941.570287 401.000000
1305031941.603047 424.000000
1305031941.636822 455.000000
1305031941.671554 442.000000
1305031941.703763 346.000000
1305031941.736866 482.000000
1305031941.768815 511.000000
1305031941.800820 525.000000
1305031941.836848 510.000000
1305031941.871813 493.000000
1305031941.902976 333.000000
1305031941.936760 452.000000
1305031941.971057 499.000000
1305031942.003141 483.000000
1305031942.036729 420.000000
1305031942.071082 324.000000
1305031942.100691 173.000000
1305031942.136758 280.000000
1305031942.170749 430.000000
1305031942.203108 239.000000
1305031942.238994 315.000000
1305031942.271105 301.000000
1305031942.303257 326.000000
1305031942.337047 376.000000
1305031942.370761 346.000000
1305031942.402939 288.000000
1305031942.439262 256.000000
1305031942.471958 435.000000
1305031942.503553 441.000000
1305031942.539453 373.000000
1305031942.571867 492.000000
1305031942.601448 509.000000
1305031942.639942 518.000000
1305031942.669006 356.000000
1305031942.704015 425.000000
1305031942.739812 427.000000
1305031942.771708 406.000000
1305031942.801557 404.000000
1305031942.841042 390.000000
1305031942.868828 403.000000
1305031942.903960 422.000000
1305031942.936816 432.000000
1305031942.970936 458.000000
1305031943.001103 390.000000
1305031943.039961 458.000000
1305031943.071743 445.000000
1305031943.104177 496.000000
1305031943.139521 496.000000
1305031943.171912 519.000000
1305031943.201564 443.000000
1305031943.240004 476.000000
1305031943.271805 474.000000
1305031943.303965 341.000000
1305031943.339941 384.000000
1305031943.371774 431.000000
1305031943.404245 436.000000
1305031943.440153 400.000000
1305031943.471431 275.000000
1305031943.501108 462.000000
1305031943.539525 425.000000
1305031943.570021 337.000000
1305031943.607467 318.000000
1305031943.638026 485.000000
1305031943.671504 209.000000
1305031943.707251 274.000000
1305031943.739428 325.000000
1305031943.771329 518.000000
1305031943.806822 550.000000
1305031943.837754 567.000000
1305031943.868873 310.000000
1305031943.907218 455.000000
1305031943.936768 325.000000
1305031943.971278 407.000000
1305031944.007760 242.000000
1305031944.040486 299.000000
1305031944.070886 452.000000
1305031944.107390 519.000000
1305031944.139656 482.000000
1305031944.171370 598.000000
1305031944.206998 450.000000
1305031944.239334 611.000000
1305031944.270963 494.000000
1305031944.306934 555.000000
1305031944.339308 509.000000
1305031944.370745 520.000000
1305031944.406233 478.000000
1305031944.438724 301.000000
1305031944.471304 356.000000
1305031944.506947 468.000000
1305031944.539069 352.000000
1305031944.571530 517.000000
1305031944.607229 522.000000
1305031944.639625 621.000000
1305031944.671779 455.000000
1305031944.707774 525.000000
1305031944.739941 210.000000
1305031944.769058 557.000000
1305031944.807919 508.000000
1305031944.839956 561.000000
1305031944.875719 502.000000
1305031944.904670 588.000000
1305031944.939702 600.000000
1305031944.969076 212.000000
1305031945.007437 103.000000
1305031945.039937 414.000000
1305031945.069177 355.000000
1305031945.107523 318.000000
1305031945.136772 463.000000
1305031945.168992 518.000000
1305031945.207107 341.000000
1305031945.238859 250.000000
1305031945.269070 496.000000
1305031945.306358 299.000000
1305031945.338940 482.000000
1305031945.369056 389.000000
1305031945.406657 267.000000
1305031945.436818 305.000000
1305031945.469167 162.000000
1305031945.506438 350.000000
1305031945.538422 158.000000
1305031945.569071 85.000000
1305031945.606029 203.000000
1305031945.638298 224.000000
1305031945.669116 209.000000
1305031945.706215 218.000000
1305031945.738673 186.000000
1305031945.769045 125.000000
1305031945.806240 154.000000
1305031945.838266 211.000000
1305031945.869258 109.000000
1305031945.909177 141.000000
1305031945.936806 159.000000
1305031945.969300 224.000000
1305031946.005983 305.000000
1305031946.037278 308.000000
1305031946.069057 439.000000
1305031946.107140 494.000000
1305031946.137054 340.000000
1305031946.168867 487.000000
1305031946.207043 436.000000
1305031946.237369 398.000000
1305031946.268902 341.000000
1305031946.306775 414.000000
1305031946.337036 480.000000
1305031946.369021 494.000000
1305031946.406520 418.000000
1305031946.437150 476.000000
1305031946.468964 513.000000
1305031946.506586 483.000000
1305031946.537148 447.000000
1305031946.569238 426.000000
1305031946.606469 406.000000
1305031946.637163 493.000000
1305031946.669089 523.000000
1305031946.706515 524.000000
1305031946.737134 433.000000
1305031946.769059 493.000000
1305031946.806647 503.000000
1305031946.837100 530.000000
1305031946.869090 460.000000
1305031946.906602 484.000000
1305031946.937151 391.000000
1305031946.969064 464.000000
1305031947.006827 428.000000
1305031947.037000 483.000000
1305031947.068973 486.000000
1305031947.106644 472.000000
1305031947.137044 309.000000
1305031947.169117 456.000000
1305031947.204982 474.000000
1305031947.237001 485.000000
1305031947.269076 390.000000
1305031947.304951 291.000000
1305031947.336945 298.000000
1305031947.368991 458.000000
1305031947.405013 492.000000
1305031947.437038 468.000000
1305031947.469273 290.000000
1305031947.504994 462.000000
1305031947.537022 387.000000
1305031947.568989 376.000000
1305031947.605177 431.000000
1305031947.637085 448.000000
1305031947.669011 348.000000
1305031947.705153 424.000000
1305031947.736979 454.000000
1305031947.769041 393.000000
1305031947.804941 262.000000
1305031947.837022 289.000000
1305031947.868988 320.000000
1305031947.904995 510.000000
1305031947.937025 475.000000
1305031947.968976 449.000000
1305031948.004911 462.000000
1305031948.037003 462.000000
1305031948.068973 479.000000
1305031948.104993 465.000000
1305031948.136951 500.000000
1305031948.168952 447.000000
1305031948.204992 503.000000
1305031948.237002 497.000000
1305031948.269041 511.000000
1305031948.304939 470.000000
1305031948.337101 299.000000
1305031948.368969 455.000000
1305031948.404989 461.000000
1305031948.436942 336.000000
1305031948.469170 374.000000
1305031948.505024 510.000000
1305031948.537017 504.000000
1305031948.568891 447.000000
1305031948.605001 476.000000
1305031948.636912 490.000000
1305031948.669040 450.000000
1305031948.705075 344.000000
1305031948.737063 423.000000
1305031948.768899 477.000000
1305031948.804975 511.000000
1305031948.837073 465.000000
1305031948.868835 343.000000
1305031948.905077 394.000000
1305031948.936996 413.000000
1305031948.968952 290.000000
1305031949.005006 494.000000
1305031949.037089 364.000000
1305031949.069061 421.000000
1305031949.105077 298.000000
1305031949.137263 433.000000
1305031949.168946 359.000000
1305031949.204940 436.000000
1305031949.237011 444.000000
1305031949.268994 427.000000
1305031949.305254 282.000000
1305031949.337227 389.000000
1305031949.368902 386.000000
1305031949.405064 264.000000
1305031949.437094 317.000000
1305031949.468902 441.000000
1305031949.505002 465.000000
1305031949.537017 238.000000
1305031949.568988 373.000000
1305031949.604798 513.000000
1305031949.637172 268.000000
1305031949.668955 409.000000
1305031949.705003 374.000000
1305031949.736949 407.000000
1305031949.768985 375.000000
1305031949.804939 466.000000
1305031949.836964 435.000000
1305031949.868951 374.000000
1305031949.904851 365.000000
1305031949.936858 303.000000
1305031949.968881 394.000000
1305031950.004952 435.000000
1305031950.036989 426.000000
1305031950.069081 455.000000
1305031950.104966 330.000000
1305031950.136997 207.000000
1305031950.168914 361.000000
1305031950.204933 323.000000
1305031950.237027 334.000000
1305031950.269033 304.000000
1305031950.304978 375.000000
1305031950.337197 385.000000
1305031950.368911 316.000000
1305031950.404939 262.000000
1305031950.436983 279.000000
1305031950.468976 291.000000
1305031950.504938 213.000000
1305031950.536894 217.000000
1305031950.568883 294.000000
1305031950.604862 299.000000
1305031950.637006 249.000000
1305031950.668910 201.000000
1305031950.704873 223.000000
1305031950.736893 176.000000
1305031950.768897 209.000000
1305031950.804899 213.000000
1305031950.837135 170.000000
1305031950.869014 185.000000
1305031950.904883 245.000000
1305031950.936970 269.000000
1305031950.968904 333.000000
1305031951.004836 352.000000
1305031951.036930 470.000000
1305031951.069013 382.000000
1305031951.104800 465.000000
1305031951.136893 475.000000
1305031951.168908 416.000000
1305031951.204914 376.000000
1305031951.236957 445.000000
1305031951.268906 370.000000
1305031951.304862 442.000000
1305031951.336937 297.000000
1305031951.368840 448.000000
1305031951.404865 392.000000
1305031951.436903 328.000000
1305031951.468857 447.000000
