# ground truth trajectory
# file: 'rgbd_dataset_freiburg1_xyz.bag'
# timestamp tx ty tz qx qy qz qw
1305031910.765238 0.000000 0.000000 0.000000 -0.000000 -0.000000 -0.000000  1.000000
1305031910.797230 -0.012493  0.001688  0.002714  0.005393 -0.001891 -0.008547  0.999947
1305031910.835208 -0.018256 -0.003063  0.007692  0.005451 -0.008305 -0.014241  0.999849
1305031910.865025 -0.026627 -0.005276  0.011900  0.007006 -0.014800 -0.021662  0.999631
1305031910.897222 -0.029368 -0.009893  0.018174  0.006322 -0.025210 -0.030348  0.999201
1305031910.935211 -0.025804 -0.019551  0.028045  0.007402 -0.034051 -0.035827  0.998750
1305031910.965249 -0.044282 -0.021264  0.027991  0.013277 -0.034838 -0.040248  0.998494
1305031910.997325 -0.057738 -0.012831  0.029193  0.017171 -0.042464 -0.049500  0.997723
1305031911.035050 -0.067490 -0.020063  0.036050  0.013405 -0.053200 -0.058374  0.996786
1305031911.065269 -0.086220 -0.017140  0.040387  0.015061 -0.066410 -0.068866  0.995299
1305031911.097196 -0.089495 -0.022540  0.043995  0.012127 -0.086674 -0.080614  0.992896
1305031911.135664 -0.092024 -0.027731  0.048461  0.014478 -0.101729 -0.091913  0.990451
1305031911.165177 -0.102067 -0.025771  0.051920  0.019793 -0.113418 -0.099352  0.988369
1305031911.197213 -0.108097 -0.023014  0.056361  0.023226 -0.125630 -0.106216  0.986101
1305031911.235651 -0.117244 -0.028616  0.057738  0.023970 -0.136048 -0.113014  0.983943
1305031911.265104 -0.120400 -0.024399  0.063031  0.027706 -0.148381 -0.121833  0.981006
1305031911.297334 -0.127083 -0.028018  0.067051  0.027510 -0.157404 -0.128969  0.978690
1305031911.333191 -0.132915 -0.030922  0.070025  0.029558 -0.167422 -0.135048  0.976145
1305031911.365235 -0.132624 -0.033791  0.078146  0.032529 -0.176729 -0.141096  0.973551
1305031911.397333 -0.142289 -0.038735  0.079498  0.035714 -0.180415 -0.145764  0.972074
1305031911.433256 -0.151434 -0.035755  0.080599  0.040899 -0.186137 -0.148096  0.970437
1305031911.465250 -0.160544 -0.036345  0.082642  0.042519 -0.193466 -0.148216  0.968914
1305031911.497291 -0.172766 -0.038575  0.082788  0.043907 -0.203121 -0.148318  0.966859
1305031911.533251 -0.172762 -0.037743  0.090240  0.046910 -0.216590 -0.149304  0.963637
1305031911.565335 -0.181775 -0.045516  0.090332  0.046937 -0.224999 -0.148446  0.961840
1305031911.597302 -0.190661 -0.042938  0.093908  0.053756 -0.236844 -0.150478  0.958317
1305031911.633337 -0.185218 -0.032978  0.106862  0.061369 -0.251548 -0.157020  0.953049
1305031911.665124 -0.191902 -0.031163  0.109456  0.063970 -0.259699 -0.164997  0.949337
1305031911.697167 -0.195655 -0.028600  0.115188  0.065759 -0.269033 -0.173201  0.945145
1305031911.733203 -0.198544 -0.024724  0.121388  0.067219 -0.277142 -0.181968  0.941043
1305031911.765284 -0.201172 -0.020331  0.126998  0.067637 -0.283910 -0.191138  0.937169
1305031911.797297 -0.203494 -0.017428  0.133515  0.067119 -0.289475 -0.198459  0.933977
1305031911.833338 -0.211066 -0.014573  0.133851  0.063836 -0.293582 -0.205979  0.931293
1305031911.865269 -0.214426 -0.008850  0.137314  0.060559 -0.301990 -0.211661  0.927542
1305031911.897159 -0.219566 -0.011418  0.139017  0.053701 -0.310477 -0.217191  0.923877
1305031911.933063 -0.225360 -0.010365  0.139529  0.047191 -0.320795 -0.222782  0.919365
1305031911.965140 -0.231346 -0.007584  0.135210  0.040093 -0.333524 -0.229197  0.913577
1305031911.997252 -0.232705 -0.003207  0.139823  0.032686 -0.350783 -0.234761  0.905964
1305031912.033135 -0.232189 -0.004923  0.143288  0.022359 -0.364291 -0.238462  0.899960
1305031912.065365 -0.231652 -0.008047  0.147233  0.014672 -0.375399 -0.240775  0.894923
1305031912.096953 -0.230998 -0.009109  0.152455  0.010434 -0.383009 -0.246486  0.890191
1305031912.133282 -0.231780 -0.014553  0.154807  0.008310 -0.388452 -0.255585  0.885275
1305031912.165138 -0.230756 -0.015419  0.156859  0.012440 -0.394342 -0.266896  0.879265
1305031912.197357 -0.228635 -0.015876  0.159834  0.016044 -0.398121 -0.279657  0.873518
1305031912.233265 -0.227416 -0.017329  0.161974  0.020482 -0.400404 -0.290662  0.868777
1305031912.265090 -0.227711 -0.022193  0.161971  0.024407 -0.401846 -0.299407  0.865031
1305031912.297250 -0.229986 -0.031260  0.160364  0.032678 -0.404790 -0.303542  0.861940
1305031912.333274 -0.224751 -0.025079  0.159601  0.046383 -0.409470 -0.304145  0.858882
1305031912.365250 -0.222235 -0.025120  0.158396  0.051931 -0.412903 -0.304144  0.856919
1305031912.397198 -0.219539 -0.022817  0.156168  0.057173 -0.419136 -0.305855  0.852941
1305031912.433290 -0.216263 -0.021254  0.155677  0.059229 -0.425944 -0.312573  0.846972
1305031912.465142 -0.213211 -0.021309  0.156009  0.060618 -0.433178 -0.319169  0.840722
1305031912.497123 -0.205572 -0.020189  0.162666  0.059677 -0.440490 -0.325332  0.834606
1305031912.533113 -0.206107 -0.022501  0.163264  0.055160 -0.443632 -0.329714  0.831527
1305031912.565146 -0.204336 -0.024793  0.162729  0.050468 -0.448967 -0.331272  0.828336
1305031912.597090 -0.200631 -0.027610  0.166598  0.045492 -0.454518 -0.331837  0.825365
1305031912.633132 -0.197766 -0.028829  0.168928  0.043477 -0.458616 -0.333349  0.822593
1305031912.665220 -0.196970 -0.028733  0.167845  0.041022 -0.462399 -0.337857  0.818753
1305031912.697182 -0.197087 -0.030786  0.166965  0.037857 -0.468384 -0.343810  0.813005
1305031912.733125 -0.195857 -0.030881  0.169733  0.035945 -0.476030 -0.350908  0.805585
1305031912.765193 -0.192644 -0.032956  0.175254  0.035825 -0.481358 -0.357143  0.799662
1305031912.797155 -0.189021 -0.032094  0.178337  0.036231 -0.482221 -0.360211  0.797746
1305031912.833077 -0.188453 -0.033232  0.181865  0.035870 -0.480321 -0.362920  0.797680
1305031912.865153 -0.188554 -0.035500  0.185050  0.036824 -0.477439 -0.365074  0.798384
1305031912.897198 -0.186891 -0.036369  0.187897  0.039389 -0.473869 -0.364750  0.800533
1305031912.933115 -0.185385 -0.038149  0.187061  0.040445 -0.468622 -0.362586  0.804543
1305031912.965034 -0.186395 -0.041649  0.187492  0.044693 -0.466025 -0.364032  0.805173
1305031912.997049 -0.182954 -0.042771  0.187806  0.051579 -0.462807 -0.363653  0.806787
1305031913.033133 -0.181302 -0.045616  0.184961  0.053959 -0.459813 -0.360899  0.809575
1305031913.065209 -0.178972 -0.047124  0.186886  0.055943 -0.458834 -0.355784  0.812256
1305031913.097038 -0.174298 -0.048028  0.189207  0.057320 -0.455690 -0.346757  0.817814
1305031913.133146 -0.170528 -0.046645  0.192359  0.059799 -0.448851 -0.336968  0.825475
1305031913.165211 -0.169039 -0.044276  0.195459  0.062113 -0.438898 -0.323605  0.835937
1305031913.197113 -0.166283 -0.046373  0.197488  0.061798 -0.429513 -0.310231  0.845847
1305031913.233126 -0.163070 -0.048813  0.199832  0.061287 -0.419990 -0.295468  0.855892
1305031913.265022 -0.162743 -0.049961  0.202242  0.060197 -0.408815 -0.277844  0.867208
1305031913.297160 -0.159923 -0.046881  0.205057  0.061710 -0.395876 -0.261697  0.878060
1305031913.333122 -0.159203 -0.044564  0.207467  0.063095 -0.381465 -0.246299  0.888730
1305031913.365070 -0.155958 -0.045153  0.210621  0.063959 -0.369331 -0.234636  0.896911
1305031913.397099 -0.149448 -0.039834  0.218407  0.068310 -0.357489 -0.223967  0.904087
1305031913.433081 -0.144470 -0.034523  0.230310  0.074208 -0.342803 -0.212027  0.912153
1305031913.465231 -0.129348 -0.024312  0.241880  0.082609 -0.325081 -0.197238  0.921192
1305031913.497227 -0.126443 -0.020353  0.242115  0.083917 -0.298592 -0.178549  0.933767
1305031913.533297 -0.128418 -0.007391  0.242564  0.087887 -0.271465 -0.159815  0.945009
1305031913.565261 -0.115899 -0.011646  0.243523  0.086529 -0.251529 -0.146134  0.952833
1305031913.597139 -0.114104 -0.012487  0.236711  0.088553 -0.227828 -0.131692  0.960682
1305031913.633293 -0.105554  0.002071  0.236093  0.094875 -0.205958 -0.118399  0.966727
1305031913.665421 -0.096723  0.011134  0.232525  0.093072 -0.183697 -0.101102  0.973330
1305031913.697243 -0.092898  0.013282  0.227605  0.087243 -0.160740 -0.082430  0.979672
1305031913.733097 -0.086038  0.018729  0.221590  0.082060 -0.138083 -0.067511  0.984704
1305031913.765028 -0.081607  0.022050  0.212615  0.074459 -0.115338 -0.052725  0.989127
1305031913.797106 -0.078547  0.025716  0.203312  0.065761 -0.095097 -0.037177  0.992598
1305031913.833143 -0.071545  0.021699  0.196652  0.055843 -0.078024 -0.022249  0.995138
1305031913.865063 -0.062751  0.025613  0.191308  0.052430 -0.061278 -0.006405  0.996722
1305031913.897116 -0.057812  0.031555  0.184422  0.048477 -0.043334  0.010736  0.997826
1305031913.933123 -0.049877  0.031515  0.177388  0.044248 -0.029643  0.027501  0.998202
1305031913.965134 -0.039863  0.039311  0.169866  0.046008 -0.017916  0.038088  0.998054
1305031913.997116 -0.029767  0.046194  0.164058  0.044396 -0.005182  0.051834  0.997655
1305031914.033441 -0.017259  0.047652  0.156152 0.043333 0.006107 0.068817 0.996669
1305031914.065072 -0.006640  0.061299  0.150234 0.046805 0.018173 0.081163 0.995435
1305031914.097126 0.005290 0.065549 0.142968 0.044605 0.030191 0.091261 0.994369
1305031914.133245 0.017105 0.070548 0.135752 0.044106 0.041300 0.102147 0.992933
1305031914.165013 0.029117 0.076832 0.129217 0.045554 0.052447 0.112084 0.991268
1305031914.197110 0.043450 0.084170 0.121445 0.047214 0.062612 0.118625 0.989838
1305031914.233108 0.059748 0.086601 0.112582 0.049711 0.074973 0.125727 0.987978
1305031914.265074 0.073104 0.094858 0.105868 0.058962 0.090292 0.129175 0.985741
1305031914.297165 0.084973 0.107779 0.102294 0.067258 0.103172 0.130218 0.983806
1305031914.333148 0.093419 0.123954 0.096795 0.069041 0.112658 0.128751 0.982835
1305031914.365058 0.098976 0.129475 0.086989 0.062129 0.117767 0.127644 0.982842
1305031914.397215 0.116045 0.136648 0.078214 0.055272 0.115719 0.127150 0.983558
1305031914.433060 0.135939 0.143795 0.068271 0.049981 0.113810 0.126646 0.984129
1305031914.465054 0.152578 0.148677 0.058470 0.044363 0.114174 0.125168 0.984545
1305031914.497127 0.174312 0.158778 0.047674 0.040766 0.114578 0.121152 0.985156
1305031914.533107 0.186630 0.164441 0.039782 0.035215 0.119633 0.116906 0.985282
1305031914.565001 0.202599 0.172792 0.031846 0.032927 0.120978 0.113605 0.985583
1305031914.597122 0.219391 0.184519 0.021598 0.029971 0.122749 0.108648 0.986017
1305031914.633055 0.237004 0.195681 0.014041 0.024371 0.125791 0.103427 0.986350
1305031914.665019 0.256965 0.203223 0.004492 0.017748 0.128936 0.101699 0.986265
1305031914.697129  0.270407  0.202245 -0.002949 0.010968 0.135505 0.101294 0.985524
1305031914.733078  0.287229  0.209601 -0.011060 0.010456 0.139011 0.097632 0.985411
1305031914.764901  0.299509  0.221960 -0.015902 0.008740 0.143857 0.096097 0.984883
1305031914.797119  0.309655  0.223841 -0.020427 0.002451 0.145709 0.096670 0.984590
1305031914.833133  0.324269  0.222288 -0.027827 -0.002249  0.143799  0.095765  0.984960
1305031914.865128  0.336730  0.226962 -0.033149 -0.002554  0.141061  0.092021  0.985712
1305031914.897188  0.353195  0.230549 -0.039944 -0.003347  0.135812  0.089972  0.986635
1305031914.933099  0.365379  0.226841 -0.046391 -0.002966  0.131266  0.089110  0.987330
1305031914.964978  0.385520  0.236368 -0.054613 0.002664 0.122827 0.083789 0.988881
1305031914.997078  0.404080  0.246278 -0.061113 0.005415 0.118651 0.081610 0.989562
1305031915.033152  0.417625  0.247122 -0.066148 0.004934 0.116111 0.081338 0.989888
1305031915.065009  0.436790  0.254957 -0.071575 0.007630 0.111611 0.080006 0.990497
1305031915.097024  0.452966  0.255637 -0.077115 0.007440 0.109418 0.076353 0.991031
1305031915.133208  0.468129  0.256134 -0.082121 0.009580 0.107783 0.068271 0.991781
1305031915.165021  0.482822  0.256553 -0.087403 0.013163 0.107603 0.057373 0.992450
1305031915.197108  0.496034  0.257292 -0.093440 0.018874 0.105612 0.045327 0.993194
1305031915.233111  0.512950  0.270859 -0.095661 0.026558 0.101533 0.034562 0.993877
1305031915.264979  0.525374  0.271885 -0.098544 0.026664 0.098530 0.026416 0.994426
1305031915.297152  0.537236  0.274053 -0.102067 0.027962 0.091933 0.019843 0.995175
1305031915.333207  0.554349  0.274955 -0.107290 0.027938 0.080558 0.013234 0.996270
1305031915.365050  0.573947  0.273991 -0.111604 0.027501 0.068493 0.005650 0.997256
1305031915.397167  0.592147  0.275750 -0.114706  0.027395  0.057618 -0.002640  0.997959
1305031915.432960  0.611107  0.266724 -0.119971  0.024008  0.046047 -0.012008  0.998579
1305031915.464920  0.627502  0.269285 -0.124170  0.026258  0.035207 -0.028318  0.998634
1305031915.497121  0.643850  0.275444 -0.127884  0.026486  0.022659 -0.044368  0.998407
1305031915.533058  0.665042  0.267935 -0.132214  0.020900  0.008518 -0.055345  0.998212
1305031915.564985  0.689907  0.263122 -0.135615  0.020378 -0.003086 -0.067437  0.997511
1305031915.601161  0.714983  0.261768 -0.137304  0.021005 -0.008634 -0.081463  0.996418
1305031915.633062  0.734100  0.259419 -0.138710  0.021150 -0.008134 -0.090863  0.995606
1305031915.665003  0.748062  0.253667 -0.139541  0.022163 -0.006244 -0.096491  0.995068
1305031915.701106  0.760151  0.255848 -0.141013  0.026601 -0.006946 -0.101629  0.994442
1305031915.733046  0.767272  0.259273 -0.142957  0.027991 -0.011567 -0.105010  0.994010
1305031915.765010  0.778971  0.265176 -0.143064  0.026353 -0.024975 -0.109934  0.993276
1305031915.801243  0.793413  0.254641 -0.141633  0.019540 -0.041340 -0.115183  0.992291
1305031915.833049  0.811885  0.253426 -0.141726  0.020961 -0.058204 -0.124402  0.990302
1305031915.865069  0.833640  0.256784 -0.140902  0.019926 -0.074492 -0.135321  0.987797
1305031915.901234  0.851437  0.254224 -0.138725  0.016414 -0.088067 -0.145223  0.985335
1305031915.933056  0.872539  0.251776 -0.136278  0.011864 -0.100335 -0.154698  0.982782
1305031915.965061  0.891138  0.239868 -0.133551  0.007479 -0.109509 -0.160327  0.980942
1305031916.001234  0.911547  0.243607 -0.130116  0.009887 -0.116341 -0.168314  0.978794
1305031916.033043  0.927171  0.234962 -0.127020  0.005078 -0.121021 -0.178001  0.976547
1305031916.065060  0.940045  0.202548 -0.126873  0.003841 -0.127462 -0.187472  0.973957
1305031916.101115  0.949679  0.198876 -0.129108  0.023406 -0.134616 -0.194948  0.971250
1305031916.133093  0.962027  0.192373 -0.129669  0.043911 -0.148412 -0.198452  0.967813
1305031916.165155  0.971869  0.196503 -0.143235  0.066421 -0.162336 -0.200359  0.963894
1305031916.201031  0.991860  0.206298 -0.144896  0.079321 -0.181184 -0.204950  0.958580
1305031916.233050  1.016771  0.188072 -0.141618  0.084119 -0.201234 -0.208378  0.953419
1305031916.265060  1.037332  0.182122 -0.140329  0.098317 -0.213892 -0.215429  0.947720
1305031916.301076  1.055508  0.176704 -0.138702  0.111629 -0.223134 -0.223079  0.942330
1305031916.333426  1.071711  0.162043 -0.141608  0.124878 -0.229606 -0.229023  0.937675
1305031916.365121  1.091888  0.154325 -0.140604  0.144965 -0.233023 -0.237440  0.931830
1305031916.401006  1.106699  0.149619 -0.143691  0.162880 -0.231136 -0.241458  0.928302
1305031916.433168  1.113976  0.147032 -0.146440  0.178707 -0.229743 -0.238782  0.926426
1305031916.465124  1.121236  0.142892 -0.150802  0.192342 -0.232138 -0.234187  0.924269
1305031916.501025  1.125435  0.142453 -0.152988  0.204007 -0.238303 -0.229970  0.921253
1305031916.533266  1.132943  0.134052 -0.155370  0.215139 -0.250562 -0.227312  0.916113
1305031916.565142  1.142241  0.134198 -0.156653  0.228256 -0.263784 -0.225589  0.909630
1305031916.601238  1.154391  0.137069 -0.156155  0.236000 -0.276903 -0.225987  0.903636
1305031916.633156  1.164311  0.123716 -0.152157  0.241143 -0.290443 -0.225652  0.898095
1305031916.665139  1.177382  0.117770 -0.143054  0.249792 -0.301133 -0.226857  0.891885
1305031916.701048  1.185878  0.107000 -0.136046  0.258105 -0.308817 -0.227886  0.886613
1305031916.733056  1.195447  0.102182 -0.133749  0.266001 -0.316915 -0.228521  0.881241
1305031916.765076  1.203059  0.089543 -0.123828  0.272269 -0.326396 -0.226407  0.876399
1305031916.801088  1.214522  0.074594 -0.117563  0.278654 -0.336759 -0.221384  0.871742
1305031916.833266  1.224622  0.066177 -0.109859  0.286036 -0.345757 -0.218701  0.866491
1305031916.865085  1.233341  0.054599 -0.101404  0.291637 -0.354941 -0.216366  0.861481
1305031916.901017  1.242107  0.025020 -0.098953  0.295018 -0.366540 -0.213175  0.856253
1305031916.933088  1.260512  0.013777 -0.079563  0.303267 -0.378599 -0.209896  0.848903
1305031916.965054  1.270372  0.009519 -0.069150  0.311336 -0.386342 -0.207713  0.843009
1305031917.001132  1.273332 -0.007684 -0.060310  0.317041 -0.394458 -0.204380  0.837924
1305031917.033155  1.265665 -0.041636 -0.084215  0.322255 -0.400433 -0.200050  0.834137
1305031917.065136  1.277999 -0.057828 -0.078135  0.336484 -0.408318 -0.197173  0.825335
1305031917.101130  1.284937 -0.068300 -0.067545  0.351223 -0.413759 -0.197421  0.816376
1305031917.133106  1.295791 -0.062440 -0.031799  0.372038 -0.419230 -0.195129  0.804834
1305031917.165045  1.294359 -0.068363 -0.028444  0.389433 -0.421713 -0.190573  0.796355
1305031917.201175  1.329887 -0.015737  0.051481  0.416357 -0.428934 -0.182584  0.780594
1305031917.233102  1.328139 -0.037787  0.026049  0.423093 -0.429483 -0.176820  0.777992
1305031917.265163  1.340679 -0.056738  0.026178  0.431326 -0.434427 -0.171138  0.771974
1305031917.301107  1.343533 -0.066835  0.006641  0.436009 -0.438237 -0.165143  0.768487
1305031917.333229  1.366406 -0.083781  0.015664  0.437009 -0.444779 -0.164336  0.764322
1305031917.365138  1.384995 -0.110014  0.010594  0.433207 -0.450283 -0.167448  0.762587
1305031917.401065  1.394469 -0.104207  0.026441  0.430609 -0.454120 -0.168746  0.761496
1305031917.433141  1.404488 -0.106724  0.037085  0.424599 -0.455805 -0.171760  0.763188
1305031917.465076  1.414501 -0.126548  0.016356  0.409054 -0.453824 -0.177349  0.771534
1305031917.501158  1.416370 -0.139848  0.005834  0.391429 -0.451747 -0.182585  0.780622
1305031917.533057  1.426656 -0.144852  0.020714  0.378427 -0.450947 -0.191165  0.785427
1305031917.565195  1.435523 -0.142139  0.036145  0.366740 -0.450393 -0.200385  0.788982
1305031917.601069  1.445220 -0.123747  0.067135  0.358138 -0.450515 -0.208291  0.790815
1305031917.633090  1.456589 -0.121770  0.095394  0.348288 -0.452791 -0.215580  0.791960
1305031917.665060  1.466567 -0.114680  0.105915  0.337730 -0.453647 -0.222120  0.794233
1305031917.701096  1.478292 -0.127069  0.104442  0.322214 -0.455936 -0.227456  0.797850
1305031917.733003  1.493504 -0.129268  0.111279  0.308189 -0.459347 -0.231265  0.800336
1305031917.765114  1.504033 -0.112488  0.129620  0.295851 -0.461869 -0.236160  0.802108
1305031917.801048  1.514453 -0.114396  0.150066  0.277284 -0.464705 -0.241749  0.805432
1305031917.833090  1.525939 -0.122234  0.152073  0.257243 -0.465820 -0.248854  0.809265
1305031917.865107  1.542856 -0.134136  0.160012  0.237370 -0.466957 -0.259389  0.811371
1305031917.901060  1.548558 -0.140514  0.177481  0.221004 -0.465289 -0.270028  0.813479
1305031917.932948  1.560855 -0.143220  0.175631  0.201603 -0.461294 -0.279170  0.817697
1305031917.965346  1.566160 -0.157249  0.190582  0.181643 -0.459775 -0.287201  0.820444
1305031918.001098  1.575331 -0.159479  0.198029  0.167950 -0.456278 -0.296115  0.822143
1305031918.033144  1.587177 -0.156013  0.201567  0.154167 -0.452312 -0.307620  0.822810
1305031918.065137  1.590735 -0.169030  0.203543  0.138190 -0.448862 -0.322685  0.821767
1305031918.101060  1.600033 -0.173040  0.208639  0.129382 -0.449586 -0.332824  0.818755
1305031918.133054  1.612975 -0.176534  0.220478  0.120049 -0.450879 -0.345013  0.814410
1305031918.165017  1.621093 -0.187239  0.234945  0.109585 -0.449726 -0.354023  0.812653
1305031918.201086  1.632789 -0.190346  0.245344  0.103038 -0.446403 -0.360537  0.812478
1305031918.233042  1.646058 -0.194112  0.259198  0.094733 -0.443133 -0.368337  0.811780
1305031918.265256  1.655884 -0.200392  0.270881  0.085931 -0.437443 -0.377975  0.811415
1305031918.301124  1.666186 -0.202468  0.282018  0.077903 -0.430136 -0.389059  0.810893
1305031918.333165  1.674237 -0.210904  0.296303  0.067931 -0.422247 -0.401789  0.809727
1305031918.365072  1.683667 -0.224838  0.308756  0.059380 -0.415510 -0.411168  0.809177
1305031918.401030  1.696388 -0.227441  0.321916  0.053999 -0.406252 -0.419459  0.809998
1305031918.433043  1.703852 -0.235411  0.338975  0.043666 -0.396417 -0.429368  0.810302
1305031918.465089  1.710080 -0.249575  0.353231  0.034390 -0.387003 -0.436615  0.811427
1305031918.501125  1.718563 -0.265264  0.367831  0.029360 -0.377973 -0.442016  0.812955
1305031918.533134  1.727736 -0.272879  0.382634  0.028088 -0.369849 -0.445961  0.814581
1305031918.565018  1.738222 -0.282454  0.399655  0.023417 -0.363890 -0.449113  0.815679
1305031918.601029  1.741675 -0.298396  0.413956  0.017960 -0.357585 -0.452370  0.816806
1305031918.633027  1.751718 -0.307581  0.428351  0.017063 -0.354549 -0.455759  0.816265
1305031918.665112  1.758399 -0.320068  0.441898  0.013541 -0.352488 -0.461582  0.813948
1305031918.701017  1.764583 -0.334068  0.453334  0.008778 -0.352225 -0.465866  0.811683
1305031918.765151  1.778864 -0.369965  0.479552  0.006651 -0.353948 -0.478232  0.803723
1305031918.801097  1.785250 -0.386574  0.491211  0.013824 -0.351881 -0.490348  0.797212
1305031918.833123  1.791115 -0.399391  0.497436  0.020678 -0.349115 -0.500481  0.791966
1305031918.865115  1.795333 -0.413340  0.503890  0.026265 -0.349428 -0.510739  0.785083
1305031918.901084  1.799761 -0.423630  0.511770  0.034175 -0.352581 -0.521843  0.776015
1305031918.933071  1.804111 -0.435179  0.519599  0.038915 -0.359151 -0.531960  0.765843
1305031918.965058  1.810044 -0.447198  0.528972  0.043990 -0.366827 -0.543261  0.753903
1305031919.001053  1.811385 -0.459603  0.538159  0.047926 -0.374001 -0.553985  0.742245
1305031919.033082  1.820379 -0.466468  0.548990  0.052659 -0.384031 -0.560772  0.731630
1305031919.065147  1.822868 -0.476936  0.560367  0.051203 -0.391939 -0.569580  0.720653
1305031919.101028  1.825130 -0.491339  0.572012  0.050287 -0.400539 -0.578676  0.708642
1305031919.133133  1.829024 -0.503445  0.584818  0.050701 -0.407976 -0.586460  0.697890
1305031919.165110  1.832373 -0.513316  0.596974  0.050656 -0.414445 -0.592863  0.688609
1305031919.201124  1.836672 -0.521542  0.608384  0.049922 -0.421470 -0.599612  0.678481
1305031919.233093  1.836540 -0.530985  0.617129  0.048449 -0.429620 -0.608781  0.665181
1305031919.265125  1.842103 -0.542201  0.627991  0.050268 -0.440656 -0.618655  0.648507
1305031919.301119  1.843578 -0.554728  0.637732  0.050518 -0.450925 -0.627185  0.633051
1305031919.333120  1.855652 -0.566086  0.648551  0.051958 -0.464259 -0.629594  0.620785
1305031919.364948  1.864427 -0.579685  0.660707  0.049454 -0.474206 -0.634851  0.607986
1305031919.401124  1.870720 -0.593616  0.668944  0.046449 -0.482263 -0.639644  0.596759
1305031919.433256  1.880115 -0.607682  0.679326  0.043368 -0.491444 -0.643256  0.585512
1305031919.465070  1.888661 -0.626132  0.688591  0.040349 -0.498436 -0.648580  0.573827
1305031919.501049  1.895212 -0.646466  0.698065  0.037485 -0.503116 -0.653001  0.564854
1305031919.533110  1.896572 -0.666963  0.704869  0.036538 -0.505613 -0.655743  0.559483
1305031919.565165  1.904325 -0.681799  0.708279  0.040950 -0.508535 -0.655644  0.556637
1305031919.601094  1.908949 -0.696038  0.713583  0.042401 -0.512154 -0.656127  0.552628
1305031919.633127  1.906913 -0.713229  0.713291  0.042780 -0.517902 -0.655481  0.547989
1305031919.665042  1.911427 -0.734175  0.722340  0.045371 -0.528324 -0.651807  0.542184
1305031919.701092  1.909949 -0.755405  0.731909  0.047402 -0.534967 -0.648887  0.538989
1305031919.733117  1.907729 -0.773563  0.734412  0.053289 -0.539495 -0.645191  0.538363
1305031919.765060  1.913637 -0.781396  0.737875  0.058295 -0.545255 -0.639201  0.539186
1305031919.801129  1.910009 -0.791539  0.739998  0.055530 -0.554196 -0.633556  0.537020
1305031919.833072  1.912485 -0.799054  0.744570  0.051787 -0.566100 -0.628292  0.531129
1305031919.865180  1.905332 -0.812252  0.753176  0.039141 -0.577397 -0.625693  0.523057
1305031919.901067  1.888222 -0.829336  0.760462  0.029023 -0.587472 -0.622593  0.516151
1305031919.933102  1.881920 -0.840063  0.767374  0.025433 -0.596565 -0.616826  0.512824
1305031919.965129  1.869914 -0.850545  0.777405  0.018929 -0.605278 -0.610696  0.510226
1305031920.001054  1.860166 -0.858648  0.779061  0.015658 -0.612451 -0.604605  0.509030
1305031920.033118  1.858023 -0.861552  0.784201  0.011505 -0.621839 -0.598930  0.504447
1305031920.065136  1.842209 -0.869389  0.792917  0.001852 -0.631835 -0.595320  0.496361
1305031920.101055  1.831670 -0.876911  0.801857 -0.002095 -0.642251 -0.590563  0.488615
1305031920.132987  1.821104 -0.883369  0.813339 -0.005226 -0.649646 -0.588602  0.481125
1305031920.165140  1.806918 -0.890782  0.825022 -0.006976 -0.654641 -0.587678  0.475427
1305031920.201166  1.792528 -0.900849  0.840038 -0.006991 -0.655842 -0.588283  0.473018
1305031920.233083  1.773469 -0.906263  0.848683 -0.005204 -0.653395 -0.586971  0.478031
1305031920.265120  1.758849 -0.909252  0.860371  0.000702 -0.651924 -0.583180  0.484660
1305031920.301096  1.742412 -0.914370  0.867615  0.005788 -0.647400 -0.579422  0.495087
1305031920.333124  1.731124 -0.913653  0.872349  0.013352 -0.642786 -0.571275  0.510188
1305031920.365130  1.719233 -0.916182  0.882873  0.018974 -0.637931 -0.564029  0.523980
1305031920.401115  1.704410 -0.920792  0.883186  0.024027 -0.630045 -0.557806  0.539739
1305031920.433123  1.696188 -0.918710  0.885418  0.033862 -0.623856 -0.549588  0.554626
1305031920.465148  1.684713 -0.924848  0.885267  0.040311 -0.618395 -0.543822  0.565879
1305031920.501107  1.675467 -0.927765  0.884423  0.049131 -0.614126 -0.537344  0.575932
1305031920.533105  1.670103 -0.930980  0.879339  0.057952 -0.610166 -0.531848  0.584359
1305031920.565153  1.659283 -0.935572  0.877416  0.062435 -0.608855 -0.527930  0.588801
1305031920.633105  1.636259 -0.943353  0.884509  0.073033 -0.608757 -0.513876  0.600010
1305031920.665129  1.623831 -0.946475  0.894947  0.079424 -0.604489 -0.505751  0.610328
1305031920.701147  1.612326 -0.952471  0.896931  0.086881 -0.594468 -0.496061  0.626883
1305031920.733091  1.605821 -0.959729  0.898079  0.097329 -0.585457 -0.485453  0.641952
1305031920.765152  1.594416 -0.962543  0.905538  0.107096 -0.576608 -0.475241  0.655896
1305031920.801031  1.589626 -0.967961  0.903072  0.116404 -0.566430 -0.464983  0.670371
1305031920.833132  1.583640 -0.972559  0.904819  0.124677 -0.559685 -0.456856  0.680067
1305031920.865163  1.574142 -0.977878  0.907641  0.132214 -0.552982 -0.449262  0.689125
1305031920.901037  1.566455 -0.984729  0.911090  0.138041 -0.546732 -0.439261  0.699341
1305031920.933077  1.559649 -0.987867  0.919714  0.142607 -0.539346 -0.428073  0.711001
1305031920.965217  1.550392 -0.995966  0.924643  0.145938 -0.530119 -0.420419  0.721751
1305031921.001108  1.541178 -1.002752  0.927859  0.150286 -0.520105 -0.413253  0.732206
1305031921.033111  1.533485 -1.006336  0.933448  0.156838 -0.510715 -0.407699  0.740509
1305031921.065147  1.528402 -1.014511  0.937556  0.160382 -0.500901 -0.405408  0.747677
1305031921.101105  1.522221 -1.019701  0.940990  0.161788 -0.491311 -0.401348  0.755882
1305031921.133159  1.516545 -1.026236  0.946170  0.161889 -0.481241 -0.400447  0.762785
1305031921.165116  1.508850 -1.032215  0.952952  0.162775 -0.469212 -0.401290  0.769617
1305031921.201159  1.497445 -1.045482  0.956025  0.164797 -0.457925 -0.402500  0.775332
1305031921.233189  1.489162 -1.052795  0.959881  0.170736 -0.448172 -0.401074  0.780468
1305031921.265164  1.481598 -1.058078  0.960752  0.176655 -0.439917 -0.398583  0.785110
1305031921.301188  1.479197 -1.062668  0.963053  0.180799 -0.434585 -0.395440  0.788717
1305031921.333158  1.474587 -1.067719  0.965803  0.182378 -0.429794 -0.390817  0.793270
1305031921.365112  1.469623 -1.075239  0.969143  0.182456 -0.426450 -0.386087  0.797362
1305031921.401108  1.466896 -1.084564  0.974283  0.183898 -0.422329 -0.381889  0.801237
1305031921.433143  1.463741 -1.089329  0.977998  0.186128 -0.416309 -0.375862  0.806703
1305031921.465014  1.460410 -1.096177  0.983292  0.186157 -0.411002 -0.368075  0.812984
1305031921.501096  1.457377 -1.104105  0.990378  0.187349 -0.404280 -0.360044  0.819650
1305031921.533099  1.454196 -1.113302  0.998729  0.190031 -0.395409 -0.353767  0.826068
1305031921.565119  1.447707 -1.130253  1.000769  0.193611 -0.385442 -0.346696  0.832917
1305031921.601114  1.452881 -1.129322  1.009481  0.203101 -0.376756 -0.338015  0.838183
1305031921.633107  1.452634 -1.133500  1.017432  0.204549 -0.364446 -0.331201  0.845958
1305031921.701068  1.447479 -1.155425  1.029148  0.208823 -0.332920 -0.313422  0.864479
1305031921.733068  1.444878 -1.158884  1.034015  0.212869 -0.313022 -0.305383  0.873754
1305031921.765060  1.435397 -1.157467  1.035747  0.215413 -0.292320 -0.296796  0.883209
1305031921.801034  1.425254 -1.153629  1.037398  0.217279 -0.275214 -0.289527  0.890629
1305031921.833122  1.417763 -1.154658  1.040160  0.215070 -0.263300 -0.283493  0.896688
1305031921.865148  1.411398 -1.164258  1.043856  0.212762 -0.257492 -0.279468  0.900182
1305031921.901117  1.413666 -1.160841  1.053716  0.214790 -0.251166 -0.276403  0.902431
1305031921.933132  1.405929 -1.169375  1.056976  0.210359 -0.241217 -0.272659  0.907315
1305031921.965107  1.401961 -1.177822  1.064151  0.209910 -0.232277 -0.265737  0.911794
1305031922.001101  1.401421 -1.177702  1.072007  0.211858 -0.220734 -0.257303  0.916618
1305031922.033170  1.394076 -1.179352  1.076519  0.211310 -0.207485 -0.250584  0.921686
1305031922.101032  1.377085 -1.186521  1.081035  0.207786 -0.185756 -0.236561  0.930784
1305031922.133245  1.373754 -1.188533  1.084723  0.207443 -0.177460 -0.230677  0.933950
1305031922.165062  1.370591 -1.186957  1.087389  0.206419 -0.167945 -0.223206  0.937745
1305031922.201057  1.361592 -1.190717  1.087621  0.203628 -0.158290 -0.218306  0.941182
1305031922.233248  1.357286 -1.189864  1.090093  0.203902 -0.149425 -0.214643  0.943411
1305031922.265183  1.355826 -1.188707  1.091332  0.202161 -0.140331 -0.209881  0.946250
1305031922.301137  1.353075 -1.188448  1.093426  0.199258 -0.129447 -0.207667  0.948901
1305031922.333215  1.347444 -1.187827  1.096636  0.195856 -0.116851 -0.205504  0.951711
1305031922.365143  1.340731 -1.186513  1.099418  0.193204 -0.106874 -0.202891  0.953984
1305031922.401139  1.340907 -1.184725  1.102320  0.190856 -0.099219 -0.200842  0.955716
1305031922.465219  1.328788 -1.182107  1.109682  0.181930 -0.078346 -0.194109  0.960773
1305031922.501312  1.328150 -1.179789  1.111913  0.179602 -0.071424 -0.191094  0.962354
1305031922.533139  1.323377 -1.178506  1.115867  0.174404 -0.063540 -0.186862  0.964691
1305031922.565031  1.320670 -1.179623  1.116660  0.171272 -0.056903 -0.186191  0.965796
1305031922.601111  1.322551 -1.179175  1.118377  0.167770 -0.047970 -0.185010  0.967121
1305031922.665318  1.320262 -1.179179  1.122756  0.163449 -0.033363 -0.182122  0.969022
1305031922.701355  1.319397 -1.181314  1.123417  0.160741 -0.022729 -0.178549  0.970446
1305031922.733235  1.316410 -1.182423  1.126415  0.162221 -0.014600 -0.172800  0.971397
1305031922.765373  1.318601 -1.182933  1.126700  0.164912 -0.008511 -0.166702  0.972081
1305031922.801220  1.318646 -1.183216  1.128373  0.167625 -0.001460 -0.159034  0.972938
1305031922.833262  1.320310 -1.183994  1.129540  0.170207  0.005588 -0.153598  0.973348
1305031922.865045  1.321149 -1.184665  1.130083  0.173176  0.014487 -0.147032  0.973746
1305031922.901109  1.321739 -1.185608  1.132398  0.177525  0.022140 -0.141460  0.973645
1305031922.965220  1.325186 -1.184557  1.135708  0.180042  0.033334 -0.130725  0.974364
1305031923.001054  1.327985 -1.184862  1.135891  0.179308  0.036053 -0.127123  0.974879
1305031923.065085  1.331785 -1.185832  1.139034  0.178355  0.045039 -0.116706  0.975982
1305031923.101056  1.335460 -1.185458  1.137835  0.178500  0.048289 -0.113880  0.976134
1305031923.133238  1.339033 -1.185551  1.138134  0.177693  0.054849 -0.109785  0.976404
1305031923.165168  1.339620 -1.189466  1.140735  0.179529  0.061179 -0.106441  0.976062
1305031923.201181  1.342821 -1.190541  1.139576  0.186788  0.067672 -0.104932  0.974433
1305031923.265159  1.352453 -1.177025  1.127393  0.192838  0.082482 -0.092511  0.973371
1305031923.301183  1.353714 -1.178625  1.129705  0.190561  0.089459 -0.082645  0.974091
1305031923.333169  1.355770 -1.178112  1.129014  0.189550  0.094866 -0.074822  0.974409
1305031923.365230  1.359041 -1.175269  1.126332  0.188041  0.100706 -0.068191  0.974602
1305031923.401139  1.362048 -1.173150  1.124969  0.182452  0.106981 -0.059218  0.975582
1305031923.433112  1.367353 -1.173394  1.123460  0.179541  0.113771 -0.049839  0.975878
1305031923.465290  1.371134 -1.172091  1.119988  0.178684  0.121451 -0.040455  0.975543
1305031923.501145  1.377262 -1.172143  1.116660  0.182403  0.126697 -0.032871  0.974472
1305031923.533199  1.381017 -1.167988  1.108865  0.189859  0.131139 -0.027901  0.972614
1305031923.565198  1.382738 -1.162974  1.099743  0.194550  0.134096 -0.021806  0.971439
1305031923.601069  1.387956 -1.157857  1.091336  0.199634  0.135468 -0.017282  0.970307
1305031923.633244  1.392318 -1.150503  1.080915  0.201877  0.137206 -0.011266  0.969687
1305031923.665141  1.399885 -1.145178  1.072720  0.204341  0.137563 -0.003507  0.969180
1305031923.701144  1.403874 -1.135574  1.061772  0.208066  0.139895 -0.000132  0.968059
1305031923.733145  1.408641 -1.127158  1.051830 0.208164 0.141701 0.003968 0.967767
1305031923.765175  1.414230 -1.118575  1.042256 0.211075 0.144320 0.005054 0.966744
1305031923.801150  1.416274 -1.108806  1.030289 0.209603 0.149419 0.004663 0.966291
1305031923.833045  1.426387 -1.104924  1.023008 0.209568 0.150354 0.007984 0.966132
1305031923.865161  1.431538 -1.096170  1.012453 0.214957 0.151416 0.005675 0.964798
1305031923.901121  1.437579 -1.086499  1.002964  0.219363  0.153933 -0.000012  0.963423
1305031923.933140  1.440340 -1.073655  0.991470  0.223034  0.158351 -0.006076  0.961844
1305031923.965198  1.443079 -1.061712  0.979177  0.218479  0.163591 -0.010217  0.961977
1305031924.001096  1.456334 -1.061133  0.976570  0.214972  0.164782 -0.008392  0.962582
1305031924.033250  1.461624 -1.048826  0.967357  0.222347  0.169373 -0.010821  0.960082
1305031924.065224  1.463969 -1.033413  0.955529  0.221505  0.174918 -0.010105  0.959290
1305031924.101175  1.472400 -1.028050  0.948859  0.215981  0.175579 -0.004957  0.960468
1305031924.133285  1.479234 -1.017556  0.942701  0.218213  0.176583 -0.008208  0.959757
1305031924.165591  1.482417 -1.004032  0.930378  0.216274  0.177063 -0.010022  0.960090
1305031924.201130  1.490064 -0.996870  0.926016  0.214158  0.173318 -0.010545  0.961242
1305031924.233238  1.495365 -0.984477  0.917190  0.215566  0.170357 -0.016688  0.961370
1305031924.265335  1.502010 -0.975772  0.911179  0.214689  0.167346 -0.018184  0.962067
1305031924.301099  1.506943 -0.962740  0.900888  0.214416  0.165175 -0.019796  0.962471
1305031924.333113  1.512563 -0.951862  0.892987  0.212100  0.162468 -0.020405  0.963432
1305031924.365169  1.516681 -0.940486  0.883678  0.211980  0.158489 -0.023761  0.964044
1305031924.401095  1.520303 -0.929059  0.873330  0.211258  0.152694 -0.027369  0.965042
1305031924.433069  1.525813 -0.919982  0.866897  0.209762  0.147074 -0.029362  0.966182
1305031924.465394  1.529331 -0.910895  0.860498  0.210790  0.142540 -0.032260  0.966545
1305031924.501116  1.531431 -0.900866  0.850210  0.212931  0.135863 -0.035744  0.966915
1305031924.533245  1.533955 -0.892046  0.841296  0.214660  0.126743 -0.036786  0.967731
1305031924.565264  1.537735 -0.884544  0.834533  0.219279  0.115384 -0.039587  0.968006
1305031924.601161  1.543392 -0.875317  0.824913  0.224190  0.106334 -0.043206  0.967763
1305031924.633221  1.547287 -0.869412  0.819728  0.229692  0.100360 -0.041843  0.967171
1305031924.665187  1.551167 -0.858511  0.810204  0.236890  0.093929 -0.042317  0.966059
1305031924.701168  1.555697 -0.851178  0.804328  0.241596  0.088598 -0.043190  0.965358
1305031924.733166  1.560200 -0.841544  0.797788  0.247670  0.084008 -0.044760  0.964157
1305031924.765170  1.564368 -0.831259  0.792775  0.251117  0.082790 -0.047639  0.963232
1305031924.801057  1.568514 -0.822967  0.789194  0.252385  0.083432 -0.046701  0.962891
1305031924.833187  1.572293 -0.812628  0.785026  0.255163  0.084396 -0.046819  0.962069
1305031924.865165  1.573943 -0.798973  0.776700  0.253572  0.086037 -0.046928  0.962339
1305031924.901110  1.575092 -0.791128  0.770918  0.247887  0.084700 -0.046206  0.963973
1305031924.933186  1.577428 -0.783436  0.768779  0.247350  0.080680 -0.048548  0.964340
1305031924.969060  1.579834 -0.773171  0.764873  0.247859  0.077297 -0.051754  0.964320
1305031925.001103  1.582124 -0.764331  0.761838  0.249579  0.074255 -0.054620  0.963957
1305031925.033148  1.584543 -0.755986  0.759359  0.252649  0.072023 -0.056858  0.963197
1305031925.069090  1.586393 -0.746912  0.756269  0.258080  0.071332 -0.059490  0.961648
1305031925.101107  1.587007 -0.732928  0.747535  0.260832  0.071072 -0.062358  0.960743
1305031925.133209  1.588302 -0.721954  0.738578  0.255395  0.069112 -0.060546  0.962461
1305031925.169080  1.589312 -0.716761  0.738019  0.252488  0.066114 -0.060360  0.963450
1305031925.201117  1.591210 -0.708567  0.732972  0.254027  0.062311 -0.062786  0.963143
1305031925.233193  1.591146 -0.695092  0.722086  0.252727  0.059682 -0.065590  0.963465
1305031925.269164  1.592803 -0.687349  0.718040  0.249411  0.056312 -0.070384  0.964194
1305031925.301283  1.596052 -0.677042  0.711640  0.246824  0.054682 -0.075450  0.964570
1305031925.333142  1.597875 -0.665151  0.703722  0.241949  0.054526 -0.078434  0.965575
1305031925.369107  1.599974 -0.655723  0.701085  0.237357  0.054323 -0.083915  0.966265
1305031925.401456  1.602345 -0.646676  0.697560  0.234452  0.054687 -0.089615  0.966442
1305031925.433406  1.605919 -0.638675  0.695867  0.234592  0.052897 -0.093092  0.966179
1305031925.469099  1.613017 -0.628723  0.692146  0.237611  0.053102 -0.095526  0.965192
1305031925.501267  1.618360 -0.620027  0.688319  0.242467  0.057529 -0.093827  0.963897
1305031925.533321  1.623551 -0.607200  0.681600  0.249144  0.062723 -0.089799  0.962252
1305031925.569132  1.629507 -0.597170  0.676716  0.252949  0.067380 -0.082457  0.961601
1305031925.601218  1.636962 -0.585638  0.668804  0.255855  0.072022 -0.076622  0.960979
1305031925.633430  1.643605 -0.574080  0.662260  0.256398  0.077471 -0.071172  0.960829
1305031925.669137  1.648642 -0.564492  0.658840  0.253925  0.080476 -0.064997  0.961676
1305031925.701322  1.654348 -0.557032  0.655170  0.251687  0.080438 -0.062392  0.962440
1305031925.733167  1.662192 -0.547942  0.649166  0.249425  0.079927 -0.062218  0.963082
1305031925.769246  1.672030 -0.537264  0.642351  0.245053  0.080260 -0.058807  0.964390
1305031925.801208  1.680690 -0.526024  0.636523  0.239404  0.083612 -0.056050  0.965688
1305031925.833148  1.687493 -0.516146  0.630201  0.231265  0.088730 -0.051829  0.967449
1305031925.869197  1.692722 -0.509799  0.628443  0.222448  0.095019 -0.048162  0.969107
1305031925.901176  1.700196 -0.501530  0.623599  0.214999  0.100262 -0.042563  0.970521
1305031925.933170  1.704835 -0.494457  0.621149  0.208052  0.104366 -0.034572  0.971919
1305031925.969198  1.708821 -0.485753  0.614856  0.199713  0.107256 -0.028485  0.973550
1305031926.001186  1.714573 -0.479359  0.610493  0.192504  0.108849 -0.022912  0.974971
1305031926.033156  1.720388 -0.470585  0.604469  0.188442  0.109274 -0.016873  0.975840
1305031926.069077  1.726693 -0.460183  0.596502  0.184341  0.111033 -0.012612  0.976489
1305031926.101106  1.733181 -0.451638  0.589116  0.181163  0.115291 -0.010493  0.976616
1305031926.133181  1.740316 -0.439600  0.578325  0.179755  0.119705 -0.008290  0.976366
1305031926.169101  1.746660 -0.429182  0.570271  0.175392  0.125812 -0.004098  0.976418
1305031926.201141  1.750785 -0.421742  0.562447 0.174720 0.132531 0.000242 0.975658
1305031926.233134  1.756298 -0.408636  0.550385 0.174399 0.138460 0.004182 0.974883
1305031926.269135  1.761710 -0.399476  0.541377 0.171486 0.144916 0.006938 0.974445
1305031926.301054  1.766768 -0.389337  0.531853 0.170929 0.152518 0.008954 0.973366
1305031926.333164  1.774479 -0.378137  0.520377 0.170137 0.161258 0.013142 0.972048
1305031926.369064  1.778471 -0.371728  0.510372 0.169239 0.171119 0.018906 0.970422
1305031926.401166  1.780876 -0.363910  0.499758 0.169659 0.179835 0.024794 0.968638
1305031926.433155  1.784023 -0.355602  0.487957 0.168989 0.187687 0.030884 0.967090
1305031926.469090  1.788398 -0.348537  0.478569 0.168477 0.195308 0.036947 0.965456
1305031926.501075  1.790267 -0.342543  0.469400 0.170204 0.203908 0.044440 0.963056
1305031926.533176  1.789207 -0.334628  0.457626 0.172405 0.213149 0.052578 0.960250
1305031926.569122  1.790599 -0.330694  0.447306 0.173498 0.220813 0.062666 0.957712
1305031926.601166  1.788832 -0.324038  0.437445 0.174739 0.228422 0.072785 0.954983
1305031926.633127  1.789238 -0.316247  0.429195 0.175402 0.235020 0.083629 0.952369
1305031926.669140  1.791007 -0.309243  0.423163 0.175834 0.241476 0.094857 0.949618
1305031926.701042  1.788494 -0.301432  0.420018 0.177049 0.251660 0.103531 0.945834
1305031926.733207  1.788907 -0.292806  0.417125 0.176885 0.264042 0.110532 0.941688
1305031926.769141  1.786844 -0.293829  0.413390 0.173611 0.277547 0.123371 0.936807
1305031926.801342  1.782753 -0.290846  0.409923 0.171511 0.290782 0.137533 0.931190
1305031926.833209  1.781363 -0.281656  0.408048 0.171442 0.304329 0.151160 0.924739
1305031926.869333  1.779913 -0.281941  0.407496 0.168028 0.319612 0.169043 0.917082
1305031926.901097  1.773411 -0.276325  0.408126 0.166524 0.337424 0.186822 0.907476
1305031926.933348  1.778206 -0.269697  0.402066 0.164527 0.352780 0.203224 0.898431
1305031926.969122  1.779875 -0.269704  0.404078 0.158627 0.370317 0.218757 0.888734
1305031927.001575  1.777946 -0.266396  0.401271 0.151528 0.385589 0.233541 0.879670
1305031927.033929  1.777105 -0.253670  0.399642 0.148518 0.399266 0.248042 0.870060
1305031927.070528  1.781870 -0.249073  0.396740 0.143454 0.410578 0.264454 0.860762
1305031927.101272  1.783764 -0.240320  0.391169 0.138316 0.418494 0.280534 0.852662
1305031927.133471  1.788949 -0.232048  0.388430 0.131132 0.426789 0.293962 0.845128
1305031927.169161  1.792808 -0.218995  0.382694 0.125383 0.433673 0.307700 0.837572
1305031927.201210  1.797795 -0.212003  0.374667 0.116528 0.438020 0.321810 0.831263
1305031927.233491  1.801514 -0.195161  0.363407 0.106315 0.437019 0.334044 0.828327
1305031927.269153  1.804096 -0.183855  0.368520 0.097308 0.438191 0.343116 0.825100
1305031927.301135  1.808701 -0.180998  0.370634 0.086450 0.440429 0.353432 0.820752
1305031927.333139  1.809779 -0.172226  0.373519 0.080149 0.443501 0.364403 0.814919
1305031927.369147  1.816532 -0.168531  0.377073 0.071438 0.447533 0.376314 0.808083
1305031927.401161  1.821129 -0.159763  0.380548 0.064037 0.451632 0.386381 0.801646
1305031927.433274  1.823372 -0.150091  0.377482 0.058603 0.453406 0.395040 0.796826
1305031927.469105  1.826436 -0.142177  0.376321 0.051339 0.454432 0.401795 0.793358
1305031927.501136  1.829808 -0.133927  0.378899 0.043616 0.455749 0.406364 0.790733
1305031927.533182  1.830752 -0.124039  0.378674 0.039135 0.456786 0.409154 0.788928
1305031927.569225  1.831816 -0.114792  0.375623 0.033741 0.456079 0.410554 0.788859
1305031927.601132  1.834087 -0.107689  0.373400 0.025005 0.453748 0.410866 0.790365
1305031927.633201  1.835046 -0.099801  0.376408 0.016719 0.451543 0.410395 0.792089
1305031927.669158  1.836096 -0.090118  0.378296 0.011784 0.449242 0.405000 0.796252
1305031927.701131  1.839999 -0.086862  0.376043 0.002083 0.446338 0.398587 0.801190
1305031927.733219  1.842497 -0.079548  0.376004 -0.005663  0.444251  0.392583  0.805287
1305031927.769158  1.847171 -0.074605  0.375543 -0.012929  0.441907  0.387647  0.808876
1305031927.801109  1.850575 -0.067589  0.376498 -0.017130  0.441318  0.383822  0.810941
1305031927.833282  1.856200 -0.063521  0.374028 -0.021631  0.440427  0.381846  0.812250
1305031927.869143  1.860006 -0.055337  0.370708 -0.025685  0.439663  0.382192  0.812383
1305031927.901130  1.866205 -0.051743  0.369719 -0.029139  0.440647  0.381947  0.811848
1305031927.933465  1.869516 -0.040922  0.363685 -0.028909  0.441611  0.380268  0.812121
1305031927.969176  1.873308 -0.032138  0.359247 -0.030198  0.441124  0.380970  0.812010
1305031928.001134  1.877885 -0.026932  0.357157 -0.032226  0.442294  0.382342  0.810649
1305031928.033186  1.881377 -0.017259  0.350550 -0.032759  0.443006  0.382762  0.810041
1305031928.069125  1.885747 -0.008592  0.343887 -0.036286  0.443223  0.385024  0.808698
1305031928.101114 1.888479 0.000550 0.339367 -0.038228  0.444506  0.387113  0.806905
1305031928.133202 1.892506 0.005309 0.334719 -0.041124  0.446319  0.388795  0.804951
1305031928.169018 1.896520 0.011448 0.328961 -0.044282  0.449850  0.389585  0.802432
1305031928.201096 1.899004 0.017930 0.320822 -0.046865  0.455242  0.389649  0.799207
1305031928.233133 1.897852 0.028081 0.314709 -0.047839  0.461972  0.391942  0.794151
1305031928.269216 1.901330 0.036451 0.310028 -0.049235  0.467837  0.396887  0.788153
1305031928.301255 1.902260 0.042249 0.303898 -0.048784  0.473473  0.401394  0.782513
1305031928.333609 1.903267 0.047541 0.296612 -0.048553  0.479014  0.406532  0.776479
1305031928.369520 1.905027 0.054023 0.291047 -0.046251  0.485022  0.413426  0.769216
1305031928.401116 1.911529 0.060250 0.276070 -0.043513  0.489625  0.421385  0.762108
1305031928.433543 1.913642 0.061800 0.269043 -0.039990  0.498867  0.430557  0.751102
1305031928.469232 1.914012 0.069688 0.252366 -0.033630  0.506756  0.441407  0.739748
1305031928.501428 1.920766 0.066945 0.237965 -0.029028  0.515720  0.453710  0.726180
1305031928.533982 1.922559 0.060528 0.231228 -0.021989  0.525976  0.463233  0.712938
1305031928.569299 1.924861 0.066504 0.209743 -0.014098  0.532384  0.470609  0.703489
1305031928.601271 1.926805 0.072312 0.200530 -0.005665  0.543478  0.476882  0.690785
1305031928.633595 1.926865 0.072788 0.194703 0.002561 0.556986 0.479386 0.678195
1305031928.669146 1.934029 0.074792 0.171920 0.009185 0.567100 0.480379 0.668991
1305031928.701110 1.923752 0.074438 0.172885 0.017359 0.582066 0.476965 0.658333
1305031928.733185 1.923836 0.072001 0.169003 0.023834 0.594856 0.475043 0.648007
1305031928.769202 1.912256 0.072808 0.174584 0.033811 0.609604 0.471814 0.636106
1305031928.801117 1.912625 0.072002 0.168517 0.042108 0.620751 0.468801 0.626993
1305031928.833193 1.910858 0.067847 0.167118 0.050262 0.633334 0.464779 0.616718
1305031928.869148 1.910557 0.065572 0.159026 0.058528 0.644012 0.461138 0.607598
1305031928.901197 1.910968 0.062254 0.153611 0.066767 0.655313 0.456906 0.597782
1305031928.933215 1.908926 0.059961 0.145098 0.076832 0.666507 0.451132 0.588511
1305031928.969097 1.906419 0.056585 0.142518 0.085780 0.680393 0.441907 0.578295
1305031929.001155 1.905608 0.054106 0.135319 0.092511 0.693107 0.434826 0.567425
1305031929.033640 1.902696 0.050142 0.134465 0.100685 0.707045 0.426971 0.554658
1305031929.069089 1.900681 0.049655 0.125201 0.108590 0.719901 0.418197 0.543196
1305031929.101213 1.897122 0.045332 0.121788 0.115267 0.733729 0.409989 0.529399
1305031929.133202 1.895266 0.042914 0.117408 0.123321 0.746565 0.401685 0.515831
1305031929.169204 1.891958 0.038587 0.116041 0.131260 0.758793 0.393433 0.502209
1305031929.201163 1.889719 0.033456 0.111692 0.138973 0.769192 0.388021 0.488334
1305031929.233293 1.893298 0.025119 0.102869 0.146932 0.779250 0.383010 0.473798
1305031929.269214 1.891755 0.017287 0.094344 0.156436 0.788869 0.376068 0.460202
1305031929.301292 1.886362 0.009328 0.088534 0.164113 0.798098 0.369204 0.446985
1305031929.333529 1.886084 0.000186 0.083863 0.171098 0.806370 0.363837 0.433722
1305031929.369189  1.884101 -0.007449  0.080319 0.180017 0.813209 0.357898 0.422130
1305031929.401369  1.882181 -0.017566  0.076608 0.188269 0.818016 0.353220 0.413086
1305031929.433239  1.878440 -0.029939  0.070106 0.195659 0.822367 0.347737 0.405598
1305031929.469219  1.871094 -0.040319  0.069277 0.202721 0.827234 0.341328 0.397597
1305031929.501198  1.867970 -0.052195  0.066959 0.208725 0.831492 0.335894 0.390167
1305031929.533262  1.862109 -0.064862  0.064641 0.214698 0.835694 0.330031 0.382883
1305031929.569172  1.854735 -0.075429  0.062068 0.219513 0.839737 0.323621 0.376731
1305031929.601101  1.853258 -0.086658  0.061856 0.223124 0.844376 0.315696 0.370919
1305031929.634447  1.846053 -0.098876  0.063412 0.226361 0.849339 0.307016 0.364863
1305031929.669287  1.841669 -0.108954  0.065073 0.229134 0.854153 0.297858 0.359446
1305031929.701269  1.834273 -0.121460  0.064366 0.231466 0.858292 0.289019 0.355284
1305031929.733617  1.827922 -0.127968  0.069605 0.235905 0.861357 0.279743 0.352359
1305031929.769190  1.824708 -0.133396  0.073719 0.239834 0.862586 0.271818 0.352902
1305031929.801229  1.822825 -0.143599  0.075187 0.244824 0.863710 0.263446 0.353074
1305031929.833358  1.814950 -0.148014  0.081972 0.250164 0.864598 0.254692 0.353581
1305031929.869242  1.808336 -0.154107  0.083775 0.254108 0.864878 0.247224 0.355380
1305031929.901292  1.801788 -0.160918  0.085556 0.258290 0.864952 0.240539 0.356770
1305031929.933176  1.789879 -0.168443  0.083956 0.259966 0.865489 0.234835 0.358050
1305031929.969176  1.780658 -0.177446  0.083082 0.260268 0.866583 0.231900 0.357096
1305031930.001350  1.771381 -0.181651  0.083696 0.261366 0.867860 0.230552 0.354051
1305031930.033650  1.762297 -0.183948  0.084808 0.263140 0.868531 0.231934 0.350168
1305031930.069293  1.755317 -0.182654  0.085470 0.264575 0.868708 0.234716 0.346778
1305031930.101133  1.746817 -0.181621  0.085268 0.263698 0.868783 0.238215 0.344867
1305031930.134163  1.741137 -0.183763  0.085569 0.259364 0.869840 0.242805 0.342278
1305031930.169117  1.737823 -0.186285  0.084788 0.255078 0.872082 0.247586 0.336319
1305031930.201148  1.731309 -0.183008  0.085111 0.250654 0.874608 0.252800 0.329128
1305031930.233355  1.729352 -0.181168  0.087607 0.243874 0.877505 0.259239 0.321411
1305031930.269064  1.723315 -0.175383  0.088165 0.237771 0.880371 0.265039 0.313314
1305031930.301105  1.713917 -0.165972  0.090373 0.233510 0.882102 0.272516 0.305129
1305031930.333138  1.709381 -0.159751  0.085798 0.225587 0.883615 0.281479 0.298503
1305031930.369794  1.698324 -0.146167  0.086447 0.219156 0.885507 0.288510 0.290879
1305031930.401077  1.686864 -0.124024  0.087963 0.215399 0.886532 0.295155 0.283809
1305031930.433290  1.682117 -0.115360  0.089352 0.208603 0.887325 0.304015 0.276972
1305031930.469130  1.686059 -0.114240  0.096986 0.202795 0.887144 0.315579 0.268812
1305031930.501044  1.675971 -0.104750  0.094980 0.199596 0.883870 0.329331 0.265471
1305031930.533067  1.668214 -0.096391  0.086721 0.194661 0.880677 0.342400 0.263207
1305031930.569007  1.665574 -0.093037  0.090385 0.187201 0.879495 0.352466 0.259253
1305031930.601041  1.666564 -0.087140  0.102460 0.178383 0.878339 0.363116 0.254651
1305031930.633126  1.657408 -0.075799  0.108875 0.172321 0.874766 0.374567 0.254538
1305031930.668925  1.657805 -0.073067  0.116010 0.166007 0.870387 0.387172 0.254886
1305031930.701009  1.651971 -0.066938  0.120320 0.163597 0.864367 0.399213 0.258330
1305031930.733195  1.647358 -0.059472  0.123289 0.160408 0.858219 0.410876 0.262506
1305031930.769068  1.644553 -0.055026  0.126847 0.154827 0.852387 0.422470 0.266427
1305031930.801055  1.639677 -0.050789  0.120278 0.151569 0.846003 0.434395 0.269455
1305031930.833091  1.635841 -0.047363  0.119255 0.147781 0.841501 0.443728 0.270448
1305031930.869070  1.632519 -0.042125  0.126742 0.142057 0.838061 0.451976 0.270539
1305031930.900829  1.629458 -0.036847  0.132167 0.137280 0.834149 0.460870 0.270089
1305031930.933330  1.628304 -0.034318  0.135058 0.133177 0.829568 0.470891 0.268968
1305031930.969059  1.625117 -0.029829  0.140990 0.129079 0.825008 0.480561 0.267886
1305031931.000795  1.623314 -0.023719  0.148812 0.124121 0.819996 0.491118 0.266464
1305031931.033023  1.620367 -0.018048  0.150157 0.118967 0.814119 0.502428 0.265750
1305031931.068905  1.620044 -0.011154  0.158850 0.113241 0.808995 0.513146 0.263411
1305031931.100819  1.618817 -0.008138  0.157610 0.109155 0.802072 0.526540 0.259848
1305031931.133042  1.615449 -0.000918  0.159701 0.105168 0.796397 0.537724 0.256015
1305031931.168900 1.612967 0.003560 0.160186 0.099368 0.790804 0.549982 0.249548
1305031931.200696 1.612442 0.008861 0.162695 0.092185 0.785600 0.562634 0.240369
1305031931.233053 1.610013 0.015618 0.162572 0.084261 0.779698 0.576073 0.230457
1305031931.268951 1.608259 0.022371 0.164484 0.077289 0.775029 0.587567 0.219367
1305031931.300955 1.608051 0.027360 0.163300 0.069938 0.770086 0.599319 0.207108
1305031931.332991 1.606704 0.036008 0.162963 0.063231 0.766946 0.608605 0.193379
1305031931.369797 1.611364 0.040217 0.164714 0.057950 0.764110 0.617524 0.177318
1305031931.401337 1.615191 0.046578 0.165390 0.055595 0.760759 0.625896 0.162509
1305031931.432892 1.618320 0.051113 0.163711 0.054068 0.757331 0.633653 0.148355
1305031931.469079 1.623109 0.055575 0.160815 0.053398 0.754811 0.639718 0.134797
1305031931.500852 1.626641 0.062132 0.163818 0.052602 0.753220 0.644165 0.122246
1305031931.532871 1.630846 0.070648 0.163190 0.053132 0.749941 0.650233 0.109374
1305031931.569726 1.637729 0.076884 0.156465 0.055974 0.747579 0.654789 0.096151
1305031931.601199 1.643587 0.082981 0.156264 0.058424 0.747369 0.656290 0.085496
1305031931.633004 1.650708 0.090126 0.155050 0.058441 0.746535 0.658200 0.077737
1305031931.669064 1.656755 0.096263 0.153959 0.057450 0.746832 0.658639 0.071659
1305031931.701060 1.662960 0.103369 0.155674 0.055907 0.747261 0.659006 0.064712
1305031931.732985 1.672804 0.109827 0.154716 0.054258 0.746820 0.660223 0.058493
1305031931.768911 1.682075 0.114596 0.158111 0.051851 0.745666 0.662050 0.054622
1305031931.800959 1.690547 0.122307 0.158923 0.052772 0.743274 0.664984 0.050542
1305031931.832926 1.698038 0.128105 0.163704 0.056743 0.740925 0.667693 0.044681
1305031931.868988 1.706130 0.135510 0.163561 0.062399 0.735545 0.673575 0.037110
1305031931.900957 1.711756 0.144881 0.161667 0.067877 0.731625 0.677550 0.032307
1305031931.932907 1.718193 0.151921 0.160214 0.072613 0.730390 0.678617 0.027149
1305031931.968902 1.724041 0.159859 0.161124 0.077272 0.729164 0.679544 0.023850
1305031932.000829 1.728365 0.167351 0.162464 0.081427 0.729248 0.679101 0.019708
1305031932.032913 1.734622 0.174061 0.159747 0.086706 0.728563 0.679341 0.013176
1305031932.068920 1.742711 0.179107 0.159668 0.090348 0.728842 0.678643 0.008363
1305031932.101294 1.749188 0.184807 0.158982 0.093311 0.727267 0.679973 0.003704
1305031932.132895 1.754658 0.191768 0.150459 0.101688 0.724278 0.681965 0.002136
1305031932.169077 1.764368 0.194350 0.148063 0.106901 0.723154 0.682337 0.006071
1305031932.200948 1.768769 0.202667 0.143631 0.111308 0.721877 0.682863 0.014234
1305031932.232821 1.772927 0.208544 0.138571 0.115013 0.721457 0.682400 0.024545
1305031932.268818 1.777099 0.216709 0.135234 0.117896 0.721888 0.680958 0.035694
1305031932.300945 1.780854 0.225284 0.132839 0.119221 0.724363 0.677493 0.045704
1305031932.333175 1.784199 0.233038 0.128377 0.120525 0.725981 0.675013 0.052745
1305031932.368837 1.786321 0.241348 0.119869 0.123245 0.727845 0.671817 0.060935
1305031932.401680 1.790755 0.247286 0.114499 0.126025 0.730802 0.667219 0.069748
1305031932.432994 1.795531 0.252348 0.110132 0.129608 0.732669 0.663503 0.078492
1305031932.469022 1.798327 0.260167 0.103564 0.134323 0.733246 0.660654 0.088562
1305031932.500893 1.805201 0.264171 0.095895 0.136955 0.733893 0.657986 0.098485
1305031932.532959 1.810340 0.270783 0.088739 0.139582 0.734796 0.654783 0.108859
1305031932.568972 1.812873 0.277441 0.082911 0.142252 0.736853 0.649816 0.120631
1305031932.600957 1.815487 0.281405 0.078009 0.143882 0.738782 0.644332 0.135406
1305031932.632929 1.816639 0.287889 0.073912 0.145770 0.741057 0.637540 0.152081
1305031932.669236 1.822673 0.287704 0.065567 0.146859 0.742456 0.632326 0.165392
1305031932.700806 1.830240 0.290693 0.058696 0.147907 0.744496 0.625918 0.179097
1305031932.732848 1.831288 0.294111 0.053512 0.148721 0.747375 0.618007 0.193340
1305031932.768757 1.836921 0.294575 0.046669 0.151205 0.749766 0.610841 0.204602
1305031932.800821 1.840119 0.297609 0.039357 0.155215 0.752982 0.601525 0.217011
1305031932.832891 1.840459 0.301253 0.033518 0.157583 0.756219 0.592363 0.228925
1305031932.869016 1.848090 0.305105 0.026263 0.158318 0.760687 0.582924 0.237678
1305031932.901214 1.852552 0.307833 0.020823 0.160110 0.767025 0.570796 0.245416
1305031932.932932 1.852656 0.308584 0.018755 0.162804 0.770784 0.561341 0.253540
1305031932.968787 1.857342 0.314297 0.012592 0.162810 0.772457 0.555109 0.262024
1305031933.001958 1.861610 0.319401 0.004208 0.161583 0.776238 0.547954 0.266630
1305031933.033045 1.864873 0.323932 0.000364 0.160621 0.781458 0.540460 0.267257
1305031933.068879  1.868909  0.328829 -0.000196 0.158575 0.785180 0.536346 0.265856
1305031933.100908  1.866092  0.337771 -0.011821 0.159137 0.786155 0.535823 0.263685
1305031933.132911  1.862919  0.343558 -0.022364 0.159143 0.790605 0.533184 0.255602
1305031933.169450  1.865834  0.348656 -0.022802 0.157886 0.795877 0.531746 0.242688
1305031933.200949  1.870174  0.353154 -0.025512 0.156056 0.800092 0.531567 0.230078
1305031933.233374  1.873819  0.355259 -0.026226 0.153880 0.803820 0.530920 0.219813
1305031933.269079  1.873608  0.357951 -0.031136 0.152504 0.806609 0.529982 0.212704
1305031933.300869  1.874678  0.361823 -0.027034 0.151628 0.810530 0.527606 0.204159
1305031933.332881  1.875897  0.364694 -0.024893 0.152074 0.811784 0.528793 0.195599
1305031933.368978  1.874438  0.368089 -0.028500 0.152390 0.812150 0.530786 0.188298
1305031933.400926  1.874226  0.372092 -0.023767 0.153964 0.813969 0.530580 0.179539
1305031933.432912  1.874355  0.373695 -0.023027 0.154723 0.812955 0.534549 0.171531
1305031933.469486  1.871792  0.375741 -0.026230 0.155499 0.812140 0.538021 0.163652
1305031933.500809  1.868756  0.376029 -0.027793 0.156064 0.812373 0.540116 0.154821
1305031933.533065  1.864788  0.377733 -0.026843 0.155057 0.812717 0.542414 0.145724
1305031933.568861  1.862983  0.378458 -0.026159 0.154370 0.813390 0.544636 0.133934
1305031933.600899  1.857014  0.381320 -0.024941 0.155490 0.814070 0.546324 0.121010
1305031933.632949  1.850780  0.382221 -0.023283 0.154865 0.814582 0.548797 0.106275
1305031933.669114  1.848119  0.383568 -0.018727 0.154134 0.815201 0.551233 0.088501
1305031933.700931  1.844083  0.385320 -0.015385 0.153835 0.814991 0.554225 0.070427
1305031933.732901  1.842612  0.385543 -0.010820 0.153792 0.814224 0.557375 0.052160
1305031933.768934  1.841073  0.386204 -0.008902 0.153003 0.813004 0.560683 0.035340
1305031933.800879  1.837291  0.386587 -0.004556 0.151180 0.812457 0.562723 0.020043
1305031933.833132 1.835981 0.385259 0.004703 0.148010 0.811664 0.565039 0.005141
1305031933.868855 1.836584 0.384349 0.009100  0.144969  0.809239  0.569247 -0.008638
1305031933.900942 1.834193 0.381927 0.015784  0.142314  0.806730  0.573175 -0.020081
1305031933.932925 1.830687 0.379836 0.021568  0.139626  0.804201  0.576950 -0.029909
1305031933.968843 1.832232 0.375847 0.026513  0.136651  0.801096  0.581358 -0.039948
1305031934.000841 1.829668 0.371751 0.030766  0.135056  0.797537  0.586105 -0.046634
1305031934.033000 1.825349 0.370460 0.039685  0.132379  0.795076  0.589610 -0.051853
1305031934.068946 1.821032 0.366259 0.048016  0.129024  0.792546  0.593204 -0.057729
1305031934.100917 1.815259 0.363593 0.057750  0.125701  0.789932  0.596724 -0.064238
1305031934.132845 1.808954 0.361007 0.066459  0.122754  0.786873  0.600475 -0.072053
1305031934.169177 1.804467 0.355185 0.074625  0.118820  0.784469  0.603446 -0.079642
1305031934.200808 1.797931 0.351364 0.083992  0.115178  0.781709  0.606819 -0.086224
1305031934.232870 1.792173 0.345508 0.091213  0.112878  0.778333  0.610348 -0.094510
1305031934.269296 1.788409 0.337008 0.094918  0.111581  0.775116  0.613468 -0.101986
1305031934.300934 1.782645 0.328682 0.103117  0.110265  0.772350  0.616533 -0.105854
1305031934.336871 1.775767 0.322527 0.107245  0.109689  0.768276  0.621364 -0.107827
1305031934.368906 1.767826 0.316069 0.111022  0.109112  0.766102  0.624198 -0.107514
1305031934.400928 1.760200 0.308292 0.116015  0.107815  0.764488  0.626834 -0.104942
1305031934.436865 1.750911 0.302176 0.119557  0.105184  0.764139  0.628463 -0.100308
1305031934.469287 1.741031 0.293983 0.124518  0.099400  0.766317  0.627811 -0.093447
1305031934.501241 1.730959 0.286531 0.135314  0.089915  0.768586  0.627392 -0.087008
1305031934.536876 1.718361 0.279914 0.136560  0.083662  0.768522  0.628748 -0.083961
1305031934.569101 1.707836 0.273555 0.141619  0.079537  0.770473  0.627030 -0.082943
1305031934.600850 1.697646 0.264686 0.146152  0.076307  0.771055  0.626812 -0.082207
1305031934.637030 1.686376 0.258372 0.145293  0.075249  0.770051  0.628594 -0.078916
1305031934.668984 1.672867 0.252178 0.149257  0.071758  0.772884  0.626275 -0.072664
1305031934.700945 1.661019 0.244473 0.154105  0.067301  0.774788  0.624886 -0.068500
1305031934.736903 1.649960 0.238953 0.155018  0.063580  0.775897  0.624456 -0.063221
1305031934.769124 1.636699 0.231849 0.159848  0.059278  0.778618  0.622222 -0.055498
1305031934.801627 1.621670 0.226747 0.164903  0.055484  0.780564  0.620717 -0.048490
1305031934.836769 1.607422 0.221133 0.166504  0.052518  0.782342  0.619223 -0.041780
1305031934.869115 1.591744 0.214593 0.170207  0.048514  0.785327  0.616274 -0.033370
1305031934.901010 1.577590 0.208896 0.170768  0.044970  0.787324  0.614404 -0.024645
1305031934.937234 1.559781 0.203155 0.172328  0.041462  0.791246  0.609919 -0.014464
1305031934.969077 1.542656 0.197466 0.171868  0.036468  0.795716  0.604547 -0.005368
1305031935.001270 1.525918 0.191174 0.176478 0.031128 0.801667 0.596950 0.003446
1305031935.036852 1.510519 0.185850 0.176360 0.028696 0.805801 0.591415 0.009412
1305031935.069722 1.494241 0.179992 0.177034 0.029360 0.810400 0.584939 0.015389
1305031935.100912 1.473351 0.172673 0.180747 0.030703 0.813677 0.580125 0.021011
1305031935.136853 1.458184 0.168626 0.179580 0.029641 0.815025 0.578197 0.023335
1305031935.169281 1.444952 0.166378 0.176599 0.029423 0.817089 0.575189 0.025651
1305031935.200951 1.432239 0.162968 0.178320 0.032036 0.819492 0.571567 0.026792
1305031935.237095 1.419083 0.161732 0.178418 0.037311 0.820244 0.570090 0.028371
1305031935.268965 1.404781 0.158583 0.175560 0.042342 0.820164 0.569739 0.030580
1305031935.300805 1.386883 0.153317 0.175171 0.045164 0.820467 0.569020 0.031790
1305031935.336810 1.372001 0.152382 0.171042 0.047138 0.820560 0.568887 0.028754
1305031935.368827 1.358127 0.149837 0.171559 0.050182 0.821092 0.568134 0.022662
1305031935.400848 1.345466 0.149051 0.168019 0.054690 0.820682 0.568598 0.013646
1305031935.436887 1.334067 0.148564 0.164126 0.060716 0.820256 0.568753 0.003691
1305031935.468890 1.320968 0.149005 0.158767  0.066780  0.820019  0.568409 -0.004522
1305031935.500863 1.307917 0.148349 0.150141  0.070172  0.821347  0.565960 -0.012430
1305031935.536900 1.295938 0.146808 0.144574  0.074208  0.824149  0.561116 -0.020522
1305031935.568783 1.281084 0.142903 0.136078  0.077324  0.827280  0.555693 -0.028899
1305031935.600963 1.267706 0.141081 0.129136  0.077730  0.831952  0.547879 -0.040531
1305031935.636916 1.250696 0.134136 0.118246  0.076669  0.837289  0.538784 -0.052739
1305031935.669100 1.237063 0.131528 0.113558  0.072605  0.844786  0.525838 -0.067520
1305031935.700948 1.225347 0.126094 0.109803  0.062798  0.851951  0.513299 -0.082220
1305031935.736900 1.210772 0.118143 0.106167  0.050737  0.858691  0.500165 -0.099553
1305031935.768974 1.198276 0.109022 0.104069  0.037256  0.864364  0.487217 -0.118772
1305031935.801178 1.190360 0.104233 0.096963  0.026558  0.867808  0.476830 -0.137249
1305031935.836877 1.183570 0.101086 0.087441  0.019027  0.870252  0.467938 -0.152753
1305031935.869025 1.180313 0.094827 0.084304  0.012830  0.872437  0.459512 -0.165942
1305031935.901144 1.170493 0.091380 0.076183  0.008176  0.874212  0.452202 -0.176635
1305031935.936825 1.160331 0.088580 0.068182  0.001322  0.876874  0.444037 -0.184176
1305031935.969109 1.151812 0.086126 0.061020 -0.006831  0.880068  0.435501 -0.189139
1305031936.000820 1.144327 0.084893 0.057351 -0.015188  0.883425  0.426496 -0.193468
1305031936.036965 1.137720 0.084511 0.054030 -0.022886  0.886450  0.417438 -0.198565
1305031936.068809 1.134065 0.082614 0.051689 -0.028952  0.888405  0.409643 -0.205163
1305031936.100718 1.127470 0.085353 0.049877 -0.034417  0.890039  0.401695 -0.212807
1305031936.137490 1.125981 0.082728 0.046689 -0.037367  0.890981  0.394262 -0.222068
1305031936.168897 1.120455 0.082507 0.043469 -0.037995  0.891047  0.389616 -0.229764
1305031936.200867 1.108330 0.084777 0.036533 -0.038718  0.891628  0.383754 -0.237138
1305031936.237546 1.100215 0.084851 0.032994 -0.040242  0.892981  0.375854 -0.244336
1305031936.268981 1.095565 0.083316 0.032196 -0.041159  0.893765  0.368569 -0.252284
1305031936.300816 1.087322 0.084146 0.028971 -0.038801  0.894713  0.360415 -0.260930
1305031936.336863 1.082037 0.082785 0.026038 -0.033069  0.895930  0.351348 -0.269759
1305031936.368927 1.073615 0.082534 0.025398 -0.027528  0.896955  0.343198 -0.277361
1305031936.400840 1.065678 0.082557 0.024293 -0.023991  0.897225  0.335879 -0.285651
1305031936.436777 1.054753 0.083376 0.021791 -0.021585  0.897551  0.329551 -0.292118
1305031936.468789 1.045478 0.084091 0.020303 -0.019688  0.897987  0.323542 -0.297578
1305031936.500753 1.036541 0.085913 0.019147 -0.017678  0.898862  0.316753 -0.302326
1305031936.536847 1.029880 0.087213 0.018456 -0.016903  0.899655  0.311457 -0.305498
1305031936.569452 1.024061 0.088142 0.016197 -0.014032  0.900521  0.306907 -0.307689
1305031936.600821 1.016369 0.088922 0.016512 -0.009239  0.901778  0.302360 -0.308689
1305031936.636879 1.007347 0.092610 0.019674 -0.007562  0.902643  0.299757 -0.308745
1305031936.668885 0.987998 0.102663 0.026348 -0.009556  0.903624  0.296889 -0.308591
1305031936.700881 0.981796 0.104634 0.026154 -0.009749  0.903067  0.293347 -0.313563
1305031936.737504 0.981408 0.106629 0.026987 -0.006287  0.902035  0.292785 -0.317129
1305031936.768825 0.964266 0.111666 0.029818 -0.004385  0.901534  0.295903 -0.315688
1305031936.800856 0.959150 0.113204 0.030836  0.000610  0.900015  0.298946 -0.317180
1305031936.836845 0.951762 0.114428 0.031096  0.008824  0.898082  0.305114 -0.316665
1305031936.868891 0.938987 0.118226 0.032861  0.015135  0.895532  0.315649 -0.313303
1305031936.900833 0.925709 0.124094 0.034250  0.022457  0.893221  0.326343 -0.308467
1305031936.936914 0.915060 0.131872 0.039791  0.026731  0.890441  0.339126 -0.302315
1305031936.968821 0.901828 0.141540 0.041551  0.031167  0.886321  0.353577 -0.297401
1305031937.001118 0.880781 0.140829 0.039115  0.039385  0.882400  0.367084 -0.291665
1305031937.036874 0.873676 0.149135 0.041265  0.044524  0.879546  0.378355 -0.285069
1305031937.068765 0.863444 0.156073 0.042081  0.053769  0.875839  0.391877 -0.276491
1305031937.100716 0.851966 0.165698 0.046484  0.059685  0.873688  0.401947 -0.267482
1305031937.136838 0.844762 0.172049 0.051786  0.064489  0.870493  0.412071 -0.261305
1305031937.168856 0.833494 0.179631 0.055945  0.071424  0.865735  0.423657 -0.256740
1305031937.200813 0.821821 0.186051 0.059187  0.078945  0.860964  0.435274 -0.251087
1305031937.236893 0.818146 0.190558 0.063845  0.088299  0.855679  0.446606 -0.246091
1305031937.268821 0.811626 0.202483 0.073525  0.095117  0.850562  0.457644 -0.240953
1305031937.300783 0.803149 0.209929 0.077770  0.104222  0.844416  0.468866 -0.237201
1305031937.336862 0.805647 0.221395 0.093704  0.108797  0.840070  0.477630 -0.233057
1305031937.368734 0.804523 0.239218 0.111354  0.110074  0.836036  0.484822 -0.232110
1305031937.400796 0.799480 0.245456 0.115258  0.113923  0.829608  0.494272 -0.233381
1305031937.438211 0.796600 0.247694 0.117983  0.117532  0.822970  0.505113 -0.231880
1305031937.468824 0.796374 0.253277 0.124452  0.120298  0.817106  0.515227 -0.228927
1305031937.500797 0.798335 0.259193 0.134049  0.121899  0.810412  0.526712 -0.225717
1305031937.536931 0.799756 0.264485 0.140596  0.124203  0.802066  0.539676 -0.223639
1305031937.568829 0.797317 0.271848 0.147868  0.129700  0.793267  0.551841 -0.222207
1305031937.600746 0.797210 0.282836 0.158999  0.132141  0.785403  0.563073 -0.220523
1305031937.636891 0.797255 0.290561 0.169859  0.132810  0.777943  0.572931 -0.221169
1305031937.668803 0.793311 0.298600 0.180030  0.135673  0.768999  0.583595 -0.222821
1305031937.700837 0.787944 0.310112 0.187527  0.136368  0.761756  0.592004 -0.225082
1305031937.736899 0.780968 0.317838 0.190062  0.138798  0.753744  0.600725 -0.227452
1305031937.768919 0.772805 0.330705 0.198814  0.138995  0.747962  0.607680 -0.227942
1305031937.800834 0.765314 0.342241 0.209420  0.136638  0.744234  0.611913 -0.230236
1305031937.836877 0.763901 0.344068 0.207881  0.136104  0.736863  0.618652 -0.236175
1305031937.868807 0.757945 0.353584 0.213839  0.136071  0.730657  0.623813 -0.241831
1305031937.900823 0.750449 0.361317 0.216826  0.136367  0.723904  0.628428 -0.249891
1305031937.936960 0.747352 0.367733 0.222279  0.135655  0.715833  0.633707 -0.259993
1305031937.968830 0.740006 0.376783 0.225928  0.136217  0.707561  0.637935 -0.271736
1305031938.000822 0.733946 0.381421 0.225563  0.136165  0.698936  0.642303 -0.283539
1305031938.036945 0.721717 0.393504 0.230254  0.136224  0.691280  0.645932 -0.293848
1305031938.068761 0.714445 0.399317 0.232642  0.135656  0.684682  0.647612 -0.305627
1305031938.100744 0.714651 0.398681 0.232635  0.133922  0.676453  0.650887 -0.317525
1305031938.136885 0.709394 0.403294 0.237985  0.134275  0.667394  0.653632 -0.330637
1305031938.168914 0.703017 0.405462 0.241064  0.138979  0.657154  0.655825 -0.344567
1305031938.200883 0.699053 0.409501 0.242899  0.142902  0.646511  0.659376 -0.356125
1305031938.236878 0.689998 0.415092 0.249797  0.146478  0.637503  0.661070 -0.367588
1305031938.268809 0.685253 0.421694 0.257306  0.147610  0.630002  0.660309 -0.381184
1305031938.300837 0.685634 0.422918 0.257802  0.143945  0.623149  0.659264 -0.395394
1305031938.336900 0.683054 0.426997 0.259024  0.140093  0.616784  0.658239 -0.408256
1305031938.368914 0.674114 0.430535 0.263514  0.138560  0.611468  0.656726 -0.419069
1305031938.400842 0.670630 0.431451 0.270298  0.133487  0.607795  0.654892 -0.428816
1305031938.436889 0.673379 0.436237 0.271604  0.126236  0.604113  0.650700 -0.442381
1305031938.468781 0.664075 0.434755 0.270108  0.122742  0.600183  0.647311 -0.453546
1305031938.501288 0.666734 0.436042 0.271479  0.115499  0.597905  0.644235 -0.462744
1305031938.537028 0.673219 0.437060 0.277202  0.104765  0.599275  0.638036 -0.472021
1305031938.568999 0.665454 0.431209 0.277732  0.095556  0.599838  0.633343 -0.479520
1305031938.601007 0.662477 0.427971 0.273091  0.085996  0.599085  0.629077 -0.487816
1305031938.637299 0.659462 0.431145 0.276615  0.074838  0.601974  0.621165 -0.496166
1305031938.668747 0.000000 0.000000 0.000000 -0.000000 -0.000000 -0.000000  1.000000
1305031938.700851 0.647152 0.408056 0.294904  0.050434  0.615266  0.606742 -0.500768
1305031938.736859 0.656656 0.409091 0.293871  0.032115  0.620385  0.595071 -0.509884
1305031938.769073 0.640013 0.395515 0.281300  0.022073  0.621402  0.590894 -0.514020
1305031938.800781 0.652477 0.384667 0.294049  0.003505  0.630670  0.577187 -0.518746
1305031938.836754 0.658578 0.371632 0.302443 -0.012642  0.638141  0.563775 -0.524189
1305031938.869057 0.000000 0.000000 0.000000 -0.000000 -0.000000 -0.000000  1.000000
1305031938.900976 0.000000 0.000000 0.000000 -0.000000 -0.000000 -0.000000  1.000000
1305031938.936828 0.000000 0.000000 0.000000 -0.000000 -0.000000 -0.000000  1.000000
1305031938.969026 0.000000 0.000000 0.000000 -0.000000 -0.000000 -0.000000  1.000000
1305031939.001030 0.000000 0.000000 0.000000 -0.000000 -0.000000 -0.000000  1.000000
1305031939.037090 0.000000 0.000000 0.000000 -0.000000 -0.000000 -0.000000  1.000000
1305031939.069377 0.000000 0.000000 0.000000 -0.000000 -0.000000 -0.000000  1.000000
1305031939.101368 0.000000 0.000000 0.000000 -0.000000 -0.000000 -0.000000  1.000000
1305031939.137143 0.000000 0.000000 0.000000 -0.000000 -0.000000 -0.000000  1.000000
1305031939.168815 0.000000 0.000000 0.000000 -0.000000 -0.000000 -0.000000  1.000000
1305031939.200865 0.000000 0.000000 0.000000 -0.000000 -0.000000 -0.000000  1.000000
1305031939.237165 0.000000 0.000000 0.000000 -0.000000 -0.000000 -0.000000  1.000000
1305031939.268824 0.000000 0.000000 0.000000 -0.000000 -0.000000 -0.000000  1.000000
1305031939.300842 0.000000 0.000000 0.000000 -0.000000 -0.000000 -0.000000  1.000000
1305031939.336729 0.000000 0.000000 0.000000 -0.000000 -0.000000 -0.000000  1.000000
1305031939.368966 0.000000 0.000000 0.000000 -0.000000 -0.000000 -0.000000  1.000000
1305031939.400848 0.000000 0.000000 0.000000 -0.000000 -0.000000 -0.000000  1.000000
1305031939.436845 0.000000 0.000000 0.000000 -0.000000 -0.000000 -0.000000  1.000000
1305031939.468851 0.000000 0.000000 0.000000 -0.000000 -0.000000 -0.000000  1.000000
1305031939.500839 0.000000 0.000000 0.000000 -0.000000 -0.000000 -0.000000  1.000000
1305031939.536755 0.000000 0.000000 0.000000 -0.000000 -0.000000 -0.000000  1.000000
1305031939.568772 0.000000 0.000000 0.000000 -0.000000 -0.000000 -0.000000  1.000000
1305031939.600838 0.000000 0.000000 0.000000 -0.000000 -0.000000 -0.000000  1.000000
1305031939.636792 0.000000 0.000000 0.000000 -0.000000 -0.000000 -0.000000  1.000000
1305031939.668867 0.000000 0.000000 0.000000 -0.000000 -0.000000 -0.000000  1.000000
1305031939.700830 0.000000 0.000000 0.000000 -0.000000 -0.000000 -0.000000  1.000000
1305031939.736750 0.000000 0.000000 0.000000 -0.000000 -0.000000 -0.000000  1.000000
1305031939.768919 0.000000 0.000000 0.000000 -0.000000 -0.000000 -0.000000  1.000000
1305031939.803671 0.000000 0.000000 0.000000 -0.000000 -0.000000 -0.000000  1.000000
1305031939.837145 0.000000 0.000000 0.000000 -0.000000 -0.000000 -0.000000  1.000000
1305031939.869215 0.000000 0.000000 0.000000 -0.000000 -0.000000 -0.000000  1.000000
1305031939.903633 0.000000 0.000000 0.000000 -0.000000 -0.000000 -0.000000  1.000000
1305031939.937192 0.000000 0.000000 0.000000 -0.000000 -0.000000 -0.000000  1.000000
1305031939.968904 0.000000 0.000000 0.000000 -0.000000 -0.000000 -0.000000  1.000000
1305031940.005582 0.000000 0.000000 0.000000 -0.000000 -0.000000 -0.000000  1.000000
1305031940.037088 0.000000 0.000000 0.000000 -0.000000 -0.000000 -0.000000  1.000000
1305031940.068783 0.000000 0.000000 0.000000 -0.000000 -0.000000 -0.000000  1.000000
1305031940.104265 0.000000 0.000000 0.000000 -0.000000 -0.000000 -0.000000  1.000000
1305031940.136746 0.000000 0.000000 0.000000 -0.000000 -0.000000 -0.000000  1.000000
1305031940.168737 0.000000 0.000000 0.000000 -0.000000 -0.000000 -0.000000  1.000000
1305031940.200829 0.000000 0.000000 0.000000 -0.000000 -0.000000 -0.000000  1.000000
1305031940.236742 0.000000 0.000000 0.000000 -0.000000 -0.000000 -0.000000  1.000000
1305031940.269041 0.000000 0.000000 0.000000 -0.000000 -0.000000 -0.000000  1.000000
1305031940.301146 0.000000 0.000000 0.000000 -0.000000 -0.000000 -0.000000  1.000000
1305031940.336732 0.000000 0.000000 0.000000 -0.000000 -0.000000 -0.000000  1.000000
1305031940.369236 0.000000 0.000000 0.000000 -0.000000 -0.000000 -0.000000  1.000000
1305031940.403665 0.000000 0.000000 0.000000 -0.000000 -0.000000 -0.000000  1.000000
1305031940.436756 0.000000 0.000000 0.000000 -0.000000 -0.000000 -0.000000  1.000000
1305031940.468746 0.000000 0.000000 0.000000 -0.000000 -0.000000 -0.000000  1.000000
