1305031910.797230 0.024272
1305031910.835208 0.019363
1305031910.865025 0.022170
1305031910.897222 0.028391
1305031910.935211 0.025331
1305031910.965249 0.023736
1305031910.997325 0.029862
1305031911.035050 0.032105
1305031911.065269 0.039196
1305031911.097196 0.048011
1305031911.135664 0.038945
1305031911.165177 0.031858
1305031911.197213 0.030273
1305031911.235651 0.027508
1305031911.265104 0.032644
1305031911.297334 0.024998
1305031911.333191 0.025362
1305031911.365235 0.025087
1305031911.397333 0.017621
1305031911.433256 0.019097
1305031911.465250 0.017950
1305031911.497291 0.023492
1305031911.533251 0.029384
1305031911.565335 0.020986
1305031911.597302 0.030195
1305031911.633337 0.040933
1305031911.665124 0.025636
1305031911.697167 0.027465
1305031911.733203 0.026609
1305031911.765284 0.025259
1305031911.797297 0.020891
1305031911.833338 0.020765
1305031911.865269 0.023816
1305031911.897159 0.026234
1305031911.933063 0.028929
1305031911.965140 0.034791
1305031911.997252 0.042533
1305031912.033135 0.037022
1305031912.065365 0.029639
1305031912.096953 0.023502
1305031912.133282 0.024498
1305031912.165138 0.029484
1305031912.197357 0.030102
1305031912.233265 0.026119
1305031912.265090 0.021347
1305031912.297250 0.022469
1305031912.333274 0.030725
1305031912.365250 0.013908
1305031912.397198 0.018919
1305031912.433290 0.023212
1305031912.465142 0.023595
1305031912.497123 0.024957
1305031912.533113 0.015551
1305031912.565146 0.016157
1305031912.597090 0.017189
1305031912.633132 0.011765
1305031912.665220 0.014949
1305031912.697182 0.021500
1305031912.733125 0.026065
1305031912.765193 0.021321
1305031912.797155 0.008908
1305031912.833077 0.007642
1305031912.865153 0.008526
1305031912.897198 0.010384
1305031912.933115 0.014276
1305031912.965034 0.011071
1305031912.997049 0.015978
1305031913.033133 0.011784
1305031913.065209 0.012821
1305031913.097038 0.022907
1305031913.133146 0.029254
1305031913.165211 0.039839
1305031913.197113 0.038434
1305031913.233126 0.040755
1305031913.265022 0.047605
1305031913.297160 0.047098
1305031913.333122 0.047476
1305031913.365070 0.037746
1305031913.397099 0.037804
1305031913.433081 0.045025
1305031913.465231 0.056633
1305031913.497227 0.069770
1305031913.533297 0.071333
1305031913.565261 0.052599
1305031913.597139 0.058264
1305031913.633293 0.056673
1305031913.665421 0.059493
1305031913.697243 0.061994
1305031913.733097 0.057145
1305031913.765028 0.058005
1305031913.797106 0.055372
1305031913.833143 0.050855
1305031913.865063 0.047997
1305031913.897116 0.051360
1305031913.933123 0.045372
1305031913.965134 0.035052
1305031913.997116 0.039981
1305031914.033441 0.043509
1305031914.065072 0.039755
1305031914.097126 0.034967
1305031914.133245 0.034549
1305031914.165013 0.033734
1305031914.197110 0.030387
1305031914.233108 0.034667
1305031914.265074 0.040500
1305031914.297165 0.035762
1305031914.333148 0.027354
1305031914.365058 0.021398
1305031914.397215 0.025054
1305031914.433060 0.025973
1305031914.465054 0.023086
1305031914.497127 0.028450
1305031914.533107 0.023318
1305031914.565001 0.021444
1305031914.597122 0.025905
1305031914.633055 0.027637
1305031914.665019 0.027812
1305031914.697129 0.024420
1305031914.733078 0.022513
1305031914.764901 0.021053
1305031914.797119 0.017336
1305031914.833133 0.019430
1305031914.865128 0.017151
1305031914.897188 0.021518
1305031914.933099 0.017086
1305031914.964978 0.033145
1305031914.997078 0.024614
1305031915.033152 0.015395
1305031915.065009 0.024016
1305031915.097024 0.019150
1305031915.133208 0.023404
1305031915.165021 0.027790
1305031915.197108 0.030669
1305031915.233111 0.035261
1305031915.264979 0.021597
1305031915.297152 0.022666
1305031915.333207 0.031907
1305031915.365050 0.034938
1305031915.397167 0.033076
1305031915.432960 0.037452
1305031915.464920 0.042983
1305031915.497121 0.044493
1305031915.533058 0.043945
1305031915.564985 0.042185
1305031915.601161 0.039371
1305031915.633062 0.027020
1305031915.665003 0.019364
1305031915.701106 0.018467
1305031915.733046 0.014347
1305031915.765010 0.031634
1305031915.801243 0.041143
1305031915.833049 0.042943
1305031915.865069 0.045309
1305031915.901234 0.039128
1305031915.933056 0.039081
1305031915.965061 0.032389
1305031916.001234 0.030428
1305031916.033043 0.030068
1305031916.065060 0.042122
1305031916.101115 0.045827
1305031916.133093 0.052294
1305031916.165155 0.056362
1305031916.201031 0.052748
1305031916.233050 0.053078
1305031916.265060 0.047286
1305031916.301076 0.041990
1305031916.333426 0.039795
1305031916.365121 0.050483
1305031916.401006 0.040786
1305031916.433168 0.033462
1305031916.465124 0.030960
1305031916.501025 0.028750
1305031916.533266 0.036924
1305031916.565142 0.040689
1305031916.601238 0.035054
1305031916.633156 0.035427
1305031916.665139 0.034720
1305031916.701048 0.029417
1305031916.733056 0.027364
1305031916.765076 0.030732
1305031916.801088 0.034270
1305031916.833266 0.030219
1305031916.865085 0.029439
1305031916.901017 0.041130
1305031916.933088 0.044206
1305031916.965054 0.029700
1305031917.001132 0.030403
1305031917.033155 0.046550
1305031917.065136 0.043046
1305031917.101130 0.039732
1305031917.133106 0.061943
1305031917.165045 0.040670
1305031917.201175 0.121577
1305031917.233102 0.038454
1305031917.265163 0.034050
1305031917.301107 0.028809
1305031917.333229 0.033748
1305031917.365138 0.035907
1305031917.401065 0.021726
1305031917.433141 0.020581
1305031917.465076 0.048051
1305031917.501158 0.044621
1305031917.533057 0.037655
1305031917.565195 0.035528
1305031917.601069 0.044185
1305031917.633090 0.039475
1305031917.665060 0.030019
1305031917.701096 0.037991
1305031917.733003 0.034628
1305031917.765114 0.038362
1305031917.801048 0.045941
1305031917.833090 0.045494
1305031917.865107 0.050373
1305031917.901060 0.043948
1305031917.932948 0.046228
1305031917.965346 0.048369
1305031918.001098 0.035677
1305031918.033144 0.038974
1305031918.065137 0.046550
1305031918.101060 0.029807
1305031918.133054 0.036671
1305031918.165017 0.034208
1305031918.201086 0.025300
1305031918.233042 0.030760
1305031918.265256 0.032925
1305031918.301124 0.034617
1305031918.333165 0.040502
1305031918.365072 0.035570
1305031918.401030 0.032836
1305031918.433043 0.040217
1305031918.465089 0.036830
1305031918.501125 0.032934
1305031918.533134 0.026543
1305031918.565018 0.027664
1305031918.601029 0.028217
1305031918.633027 0.021901
1305031918.665112 0.024652
1305031918.701017 0.023453
1305031918.765151 0.055454
1305031918.801097 0.037846
1305031918.833123 0.031252
1305031918.865115 0.031460
1305031918.901084 0.036052
1305031918.933071 0.036049
1305031918.965058 0.041078
1305031919.001053 0.038880
1305031919.033082 0.037045
1305031919.065147 0.036001
1305031919.101028 0.039440
1305031919.133133 0.035390
1305031919.165110 0.030535
1305031919.201124 0.031755
1305031919.233093 0.038522
1305031919.265125 0.047723
1305031919.301119 0.043848
1305031919.333120 0.041670
1305031919.364948 0.039955
1305031919.401124 0.034546
1305031919.433256 0.036432
1305031919.465070 0.037295
1305031919.501049 0.032662
1305031919.533110 0.025343
1305031919.565165 0.020888
1305031919.601094 0.019449
1305031919.633127 0.022809
1305031919.665042 0.034512
1305031919.701092 0.028502
1305031919.733117 0.024856
1305031919.765060 0.022078
1305031919.801129 0.024841
1305031919.833072 0.030920
1305031919.865180 0.041682
1305031919.901067 0.041017
1305031919.933102 0.027607
1305031919.965129 0.031699
1305031920.001054 0.023794
1305031920.033118 0.025958
1305031920.065136 0.038388
1305031920.101055 0.032777
1305031920.132987 0.027981
1305031920.165140 0.025260
1305031920.201166 0.023756
1305031920.233083 0.024728
1305031920.265120 0.027215
1305031920.301096 0.032025
1305031920.333124 0.040522
1305031920.365130 0.038081
1305031920.401115 0.041719
1305031920.433123 0.042115
1305031920.465148 0.033084
1305031920.501107 0.032418
1305031920.533105 0.029048
1305031920.565153 0.019221
1305031920.633105 0.048816
1305031920.665129 0.034632
1305031920.701147 0.047626
1305031920.733091 0.047078
1305031920.765152 0.045644
1305031920.801031 0.045591
1305031920.833132 0.034001
1305031920.865163 0.033050
1305031920.901037 0.035036
1305031920.933077 0.038427
1305031920.965217 0.035457
1305031921.001108 0.035507
1305031921.033111 0.032044
1305031921.065147 0.027778
1305031921.101105 0.028069
1305031921.133159 0.026482
1305031921.165116 0.030206
1305031921.201159 0.031274
1305031921.233189 0.027789
1305031921.265164 0.024690
1305031921.301188 0.017495
1305031921.333158 0.018015
1305031921.365112 0.017134
1305031921.401108 0.018100
1305031921.433143 0.021820
1305031921.465014 0.024476
1305031921.501096 0.027284
1305031921.533099 0.028816
1305031921.565119 0.034204
1305031921.601114 0.034320
1305031921.633107 0.033510
1305031921.701068 0.085619
1305031921.733068 0.047899
1305031921.765060 0.049878
1305031921.801034 0.041670
1305031921.833122 0.030736
1305031921.865148 0.020399
1305031921.901117 0.018666
1305031921.933132 0.027736
1305031921.965107 0.027037
1305031922.001101 0.031429
1305031922.033170 0.032614
1305031922.101032 0.058452
1305031922.133245 0.021981
1305031922.165062 0.025822
1305031922.201057 0.025349
1305031922.233248 0.020336
1305031922.265183 0.021701
1305031922.301137 0.023817
1305031922.333215 0.027815
1305031922.365143 0.022995
1305031922.401139 0.017232
1305031922.465219 0.050528
1305031922.501312 0.016446
1305031922.533139 0.022140
1305031922.565031 0.015210
1305031922.601111 0.019686
1305031922.665318 0.031629
1305031922.701355 0.023380
1305031922.733235 0.020690
1305031922.765373 0.018249
1305031922.801220 0.021663
1305031922.833262 0.018682
1305031922.865045 0.022947
1305031922.901109 0.020995
1305031922.965220 0.031836
1305031923.001054 0.009624
1305031923.065085 0.028123
1305031923.101056 0.009457
1305031923.133238 0.015969
1305031923.165168 0.015537
1305031923.201181 0.020295
1305031923.265159 0.045491
1305031923.301183 0.024827
1305031923.333169 0.019268
1305031923.365230 0.018643
1305031923.401139 0.024974
1305031923.433112 0.024516
1305031923.465290 0.024892
1305031923.501145 0.021182
1305031923.533199 0.022494
1305031923.565198 0.019710
1305031923.601069 0.017943
1305031923.633244 0.018980
1305031923.665141 0.020480
1305031923.701144 0.018865
1305031923.733145 0.016524
1305031923.765175 0.016335
1305031923.801150 0.018892
1305031923.833045 0.014767
1305031923.865161 0.019070
1305031923.901121 0.021448
1305031923.933140 0.024368
1305031923.965198 0.023722
1305031924.001096 0.015889
1305031924.033250 0.024794
1305031924.065224 0.022657
1305031924.101175 0.019487
1305031924.133285 0.016218
1305031924.165591 0.019351
1305031924.201130 0.014464
1305031924.233238 0.021298
1305031924.265335 0.014364
1305031924.301099 0.018173
1305031924.333113 0.016379
1305031924.365169 0.018520
1305031924.401095 0.021053
1305031924.433069 0.017621
1305031924.465394 0.016016
1305031924.501116 0.021367
1305031924.533245 0.022700
1305031924.565264 0.027378
1305031924.601161 0.026198
1305031924.633221 0.018698
1305031924.665187 0.024559
1305031924.701168 0.017779
1305031924.733166 0.020084
1305031924.765170 0.015437
1305031924.801057 0.010529
1305031924.833187 0.013262
1305031924.865165 0.016725
1305031924.901110 0.015668
1305031924.933186 0.012549
1305031924.969060 0.014641
1305031925.001103 0.013222
1305031925.033148 0.012713
1305031925.069090 0.015890
1305031925.101107 0.018412
1305031925.133209 0.018997
1305031925.169080 0.010105
1305031925.201117 0.013692
1305031925.233193 0.019141
1305031925.269164 0.016203
1305031925.301283 0.017275
1305031925.333142 0.018499
1305031925.369107 0.017517
1305031925.401456 0.016255
1305031925.433406 0.011882
1305031925.469099 0.015082
1305031925.501267 0.017601
1305031925.533321 0.024466
1305031925.569132 0.022845
1305031925.601218 0.022559
1305031925.633430 0.021434
1305031925.669137 0.018573
1305031925.701322 0.012295
1305031925.733167 0.014265
1305031925.769246 0.019687
1305031925.801208 0.021095
1305031925.833148 0.025245
1305031925.869197 0.024589
1305031925.901176 0.024760
1305031925.933170 0.024518
1305031925.969198 0.024530
1305031926.001186 0.021056
1305031926.033156 0.019045
1305031926.069077 0.019115
1305031926.101106 0.017338
1305031926.133181 0.020441
1305031926.169101 0.022567
1305031926.201141 0.019840
1305031926.233134 0.023520
1305031926.269135 0.020643
1305031926.301054 0.021736
1305031926.333164 0.026491
1305031926.369064 0.026320
1305031926.401166 0.025211
1305031926.433155 0.024991
1305031926.469090 0.023417
1305031926.501075 0.026055
1305031926.533176 0.029321
1305031926.569122 0.028222
1305031926.601166 0.028668
1305031926.633127 0.028329
1305031926.669140 0.028117
1305031926.701042 0.029261
1305031926.733207 0.031001
1305031926.769141 0.039323
1305031926.801342 0.041042
1305031926.833209 0.041635
1305031926.869333 0.049972
1305031926.901097 0.054645
1305031926.933348 0.049662
1305031926.969122 0.052130
1305031927.001575 0.048581
1305031927.033929 0.046481
1305031927.070528 0.045716
1305031927.101272 0.042004
1305031927.133471 0.039151
1305031927.169161 0.039029
1305031927.201210 0.038511
1305031927.233491 0.038453
1305031927.269153 0.029351
1305031927.301135 0.032043
1305031927.333139 0.030010
1305031927.369147 0.034567
1305031927.401161 0.031104
1305031927.433274 0.025131
1305031927.469105 0.022787
1305031927.501136 0.021038
1305031927.533182 0.015085
1305031927.569225 0.014904
1305031927.601132 0.019926
1305031927.633201 0.019470
1305031927.669158 0.020069
1305031927.701131 0.026517
1305031927.733219 0.022989
1305031927.769158 0.020703
1305031927.801109 0.014467
1305031927.833282 0.012688
1305031927.869143 0.012693
1305031927.901130 0.010262
1305031927.933465 0.013415
1305031927.969176 0.010993
1305031928.001134 0.009449
1305031928.033186 0.012440
1305031928.069125 0.014705
1305031928.101114 0.012784
1305031928.133202 0.011566
1305031928.169018 0.014303
1305031928.201096 0.017293
1305031928.233133 0.021213
1305031928.269216 0.022162
1305031928.301255 0.020211
1305031928.333609 0.021362
1305031928.369520 0.025353
1305031928.401116 0.029591
1305031928.433543 0.035616
1305031928.469232 0.041688
1305031928.501428 0.044817
1305031928.533982 0.042107
1305031928.569299 0.038609
1305031928.601271 0.041259
1305031928.633595 0.041156
1305031928.669146 0.038755
1305031928.701110 0.042083
1305031928.733185 0.035838
1305031928.769202 0.045193
1305031928.801117 0.034329
1305031928.833193 0.037532
1305031928.869148 0.034436
1305031928.901197 0.035777
1305031928.933215 0.038282
1305031928.969097 0.043288
1305031929.001155 0.039492
1305031929.033640 0.044363
1305031929.069089 0.042836
1305031929.101213 0.044912
1305031929.133202 0.044265
1305031929.169204 0.043547
1305031929.201163 0.040101
1305031929.233293 0.041999
1305031929.269214 0.042427
1305031929.301292 0.039874
1305031929.333529 0.037325
1305031929.369189 0.035478
1305031929.401369 0.029989
1305031929.433239 0.029123
1305031929.469219 0.029614
1305031929.501198 0.026681
1305031929.533262 0.027625
1305031929.569172 0.025427
1305031929.601101 0.025551
1305031929.634447 0.028147
1305031929.669287 0.026454
1305031929.701269 0.026148
1305031929.733617 0.024596
1305031929.769190 0.019414
1305031929.801229 0.022247
1305031929.833358 0.023503
1305031929.869242 0.019561
1305031929.901292 0.018679
1305031929.933176 0.018710
1305031929.969176 0.014496
1305031930.001350 0.012641
1305031930.033650 0.013091
1305031930.069293 0.011668
1305031930.101133 0.011834
1305031930.134163 0.015087
1305031930.169117 0.018575
1305031930.201148 0.021741
1305031930.233355 0.025198
1305031930.269064 0.025474
1305031930.301105 0.027532
1305031930.333138 0.028938
1305031930.369794 0.030285
1305031930.401077 0.032577
1305031930.433290 0.028068
1305031930.469130 0.031802
1305031930.501044 0.032876
1305031930.533067 0.032252
1305031930.569007 0.026976
1305031930.601041 0.032193
1305031930.633126 0.031244
1305031930.668925 0.030508
1305031930.701009 0.029761
1305031930.733195 0.029859
1305031930.769068 0.030003
1305031930.801055 0.029931
1305031930.833091 0.022766
1305031930.869070 0.023348
1305031930.900829 0.023160
1305031930.933330 0.023959
1305031930.969059 0.024384
1305031931.000795 0.027469
1305031931.033023 0.028297
1305031931.068905 0.028997
1305031931.100819 0.032233
1305031931.133042 0.028626
1305031931.168900 0.032472
1305031931.200696 0.036424
1305031931.233053 0.039466
1305031931.268951 0.036803
1305031931.300955 0.038650
1305031931.332991 0.037350
1305031931.369797 0.039196
1305031931.401337 0.035780
1305031931.432892 0.033640
1305031931.469079 0.030997
1305031931.500852 0.028044
1305031931.532871 0.030737
1305031931.569726 0.031122
1305031931.601199 0.023640
1305031931.633004 0.019010
1305031931.669064 0.015109
1305031931.701060 0.017198
1305031931.732985 0.017657
1305031931.768911 0.014901
1305031931.800959 0.016099
1305031931.832926 0.019091
1305031931.868988 0.027051
1305031931.900957 0.021448
1305031931.932907 0.017318
1305031931.968902 0.015422
1305031932.000829 0.014667
1305031932.032913 0.019385
1305031932.068920 0.015456
1305031932.101294 0.014624
1305031932.132895 0.022207
1305031932.169077 0.016821
1305031932.200948 0.021449
1305031932.232821 0.023646
1305031932.268818 0.025195
1305031932.300945 0.023952
1305031932.333175 0.018204
1305031932.368837 0.022329
1305031932.401680 0.023344
1305031932.432994 0.022223
1305031932.469022 0.025308
1305031932.500893 0.023954
1305031932.532959 0.024975
1305031932.568972 0.027983
1305031932.600957 0.032645
1305031932.632929 0.037308
1305031932.669236 0.030596
1305031932.700806 0.032405
1305031932.732848 0.033723
1305031932.768757 0.028966
1305031932.800821 0.033790
1305031932.832891 0.031866
1305031932.869016 0.029504
1305031932.901214 0.032534
1305031932.932932 0.026683
1305031932.968787 0.023390
1305031933.001958 0.021620
1305031933.033045 0.019617
1305031933.068879 0.013722
1305031933.100908 0.015749
1305031933.132911 0.022873
1305031933.169450 0.028767
1305031933.200949 0.027695
1305031933.233374 0.022713
1305031933.269079 0.016606
1305031933.300869 0.020302
1305031933.332881 0.017893
1305031933.368978 0.016021
1305031933.400926 0.019202
1305031933.432912 0.018140
1305031933.469486 0.017962
1305031933.500809 0.018513
1305031933.533065 0.019396
1305031933.568861 0.024160
1305031933.600899 0.027051
1305031933.632949 0.030628
1305031933.669114 0.036341
1305031933.700931 0.037063
1305031933.732901 0.037416
1305031933.768934 0.034501
1305031933.800879 0.031632
1305031933.833132 0.032275
1305031933.868855 0.030187
1305031933.900942 0.026365
1305031933.932925 0.023410
1305031933.968843 0.024444
1305031934.000841 0.019267
1305031934.033000 0.017632
1305031934.068946 0.019134
1305031934.100917 0.020633
1305031934.132845 0.022249
1305031934.169177 0.021712
1305031934.200808 0.021153
1305031934.232870 0.022600
1305031934.269296 0.020267
1305031934.300934 0.017456
1305031934.336871 0.016699
1305031934.368906 0.013108
1305031934.400928 0.014662
1305031934.436865 0.016153
1305031934.469287 0.023069
1305031934.501241 0.028645
1305031934.536876 0.020124
1305031934.569101 0.016615
1305031934.600850 0.015763
1305031934.637030 0.015236
1305031934.668984 0.022255
1305031934.700945 0.019857
1305031934.736903 0.018057
1305031934.769124 0.024736
1305031934.801627 0.023573
1305031934.836769 0.021771
1305031934.869115 0.026827
1305031934.901010 0.024856
1305031934.937234 0.030957
1305031934.969077 0.030854
1305031935.001270 0.033741
1305031935.036852 0.024947
1305031935.069722 0.026396
1305031935.100912 0.027804
1305031935.136853 0.017206
1305031935.169281 0.016245
1305031935.200951 0.016862
1305031935.237095 0.017517
1305031935.268965 0.018545
1305031935.300805 0.019707
1305031935.336810 0.017087
1305031935.368827 0.019702
1305031935.400848 0.024113
1305031935.436887 0.026227
1305031935.468890 0.024862
1305031935.500863 0.023923
1305031935.536900 0.025085
1305031935.568783 0.028008
1305031935.600963 0.033226
1305031935.636916 0.038751
1305031935.669100 0.045277
1305031935.700948 0.047584
1305031935.736900 0.054263
1305031935.768974 0.056989
1305031935.801178 0.049382
1305031935.836877 0.040930
1305031935.869025 0.034816
1305031935.901144 0.030734
1305031935.936825 0.029759
1305031935.969109 0.028751
1305031936.000820 0.028191
1305031936.036965 0.027578
1305031936.068809 0.024539
1305031936.100718 0.025900
1305031936.137490 0.024933
1305031936.168897 0.019126
1305031936.200867 0.023637
1305031936.237546 0.023492
1305031936.268981 0.022257
1305031936.300816 0.025881
1305031936.336863 0.028573
1305031936.368927 0.026367
1305031936.400840 0.024572
1305031936.436777 0.021848
1305031936.468789 0.019173
1305031936.500753 0.019449
1305031936.536847 0.014280
1305031936.569452 0.013333
1305031936.600821 0.015648
1305031936.636879 0.012097
1305031936.668885 0.023932
1305031936.700881 0.013888
1305031936.737504 0.010447
1305031936.768825 0.019746
1305031936.800856 0.013586
1305031936.836845 0.022231
1305031936.868891 0.029244
1305031936.900833 0.031616
1305031936.936914 0.033369
1305031936.968821 0.036746
1305031937.001118 0.040528
1305031937.036874 0.030732
1305031937.068765 0.039702
1305031937.100716 0.033653
1305031937.136838 0.028568
1305031937.168856 0.033241
1305031937.200813 0.034248
1305031937.236893 0.033626
1305031937.268821 0.034089
1305031937.300783 0.034469
1305031937.336862 0.030443
1305031937.368734 0.030209
1305031937.400796 0.025841
1305031937.438211 0.026986
1305031937.468824 0.026178
1305031937.500797 0.029821
1305031937.536931 0.032593
1305031937.568829 0.033820
1305031937.600746 0.032122
1305031937.636891 0.028149
1305031937.668803 0.031658
1305031937.700837 0.027067
1305031937.736899 0.026868
1305031937.768919 0.025241
1305031937.800834 0.021730
1305031937.836877 0.023428
1305031937.868807 0.023455
1305031937.900823 0.025549
1305031937.936960 0.029372
1305031937.968830 0.032361
1305031938.000822 0.031458
1305031938.036945 0.032091
1305031938.068761 0.028881
1305031938.100744 0.029874
1305031938.136885 0.033529
1305031938.168914 0.036855
1305031938.200883 0.033688
1305031938.236878 0.032766
1305031938.268809 0.033083
1305031938.300837 0.032488
1305031938.336900 0.030202
1305031938.368914 0.026681
1305031938.400842 0.024686
1305031938.436889 0.033211
1305031938.468781 0.027318
1305031938.501288 0.024849
1305031938.537028 0.032284
1305031938.568999 0.027356
1305031938.601007 0.027512
1305031938.637299 0.033049
1305031938.668747 4.297426
1305031938.700851 0.070889
1305031938.736859 0.049163
1305031938.769073 0.034134
1305031938.800781 0.054766
1305031938.836754 0.048806
1305031938.869057 4.414807
1305031938.900976 3.922578
1305031938.936828 3.791062
1305031938.969026 19.640310
1305031939.001030 3.860250
1305031939.037090 3.006609
1305031939.069377 3.941341
1305031939.468851 4.151361
1305031939.837145 3.732431
1305031939.869215 3.351673
1305031939.903633 3.469307
1305031939.937192 3.683917
